1 2352557 0.0430023 0
1 5527207 -0.0590711 0
1 6287334 -0.0349681 0
1 14751776 -0.0396722 0
1 15120811 0.00988673 0
1 16146285 0.0414711 0
1 23623510 0.0287351 0
1 36291814 0.0125156 0
1 41918968 0.0114276 0
2 5391471 0.0136687 0
2 9901686 0.0334613 0
3 19192573 0.0181315 0
3 29196532 -0.0163687 0
4 488735 -0.0185941 0
4 10042886 0.0413514 0
4 25509409 0.0117483 0
4 29109731 0.0120685 0
4 31223250 -0.0437945 0
4 31681722 -0.0194479 0
5 437705 -0.0080051400000000009 0
5 6950463 0.00884253 0
5 7755642 0.0185693 0
5 13900462 -0.0234473 0
5 27390696 0.0178137 0
5 28651036 -0.0160679 0
6 6807838 -0.0161051 0
6 21649808 0.0129231 0
7 12530325 0.0205567 0
8 845059 -0.0199224 0
8 8615816 -0.0165752 0
8 8638054 -0.0256253 0
8 9391662 0.0137873 0
8 18166198 0.0237483 0
8 19592678 0.0242724 0
8 20983595 -0.0273646 0
9 10846168 0.0178483 0
9 20111871 -0.0194343 0
9 21549215 -0.0412633 0
10 4570640 -0.0177207 0
10 19633450 -0.0232255 0
10 22206777 0.0331103 0
11 3844677 0.0276106 0
11 14853189 -0.0419324 0
11 17605567 0.0428058 0
11 22455839 0.0154948 0
11 22929021 -0.0511648 0
11 26385634 -0.0249001 0
12 4488800 0.00778812 0
12 6908843 0.0229952 0
12 17915087 -0.0197992 0
