1 0 0
2 0 0
3 0 0
4 0 0
5 0 0
6 0 0
7 0 0
8 0 0
9 0 0
10 0 0
11 0 0
12 0 0
13 0 0
14 0 0
15 0 0
16 0 0
17 0 0
18 0 0
19 0 0
20 0 0
21 0 0
22 0 0
23 0 0
24 0 0
25 0 0
26 0 0
27 0 0
28 0 0
29 0 0
30 0 0
31 0 0
32 0 0
33 0 0
34 0 0
35 0 0
36 0 0
37 0 0
38 0 0
39 0 0
40 0 0
41 0 0
42 0 0
43 0 0
44 0 0
45 0 0
46 0 0
47 0 0
48 0 0
49 0 0
50 0 0
51 0 0
52 0 0
53 0 0
54 0 0
55 0 0
56 0 0
57 0 0
58 0 0
59 0 0
60 0 0
61 0 0
62 0 0
63 0 0
64 0 0
65 0 0
66 0 0
67 0 0
68 0 0
69 0 0
70 0 0
71 0 0
72 0 0
73 0 0
74 0 0
75 0 0
76 0 0
77 0 0
78 0 0
79 0 0
80 0 0
81 0 0
82 0 0
83 0 0
84 0 0
85 0 0
86 0 0
87 0 0
88 0 0
89 0 0
90 0 0
91 0 0
92 0 0
93 0 0
94 0 0
95 0 0
96 0 0
97 0 0
98 0 0
99 0 0
100 0 0
101 0 0
102 0 0
103 0 0
104 0 0
105 0 0
106 0 0
107 0 0
108 0 0
109 0 0
110 0 0
111 0 0
112 0 0
113 0 0
114 0 0
115 0 0
116 0 0
117 0 0
118 0 0
119 0 0
120 0 0
121 0 0
122 0 0
123 0 0
124 0 0
125 0 0
126 0 0
127 0 0
128 0 0
129 0 0
130 0 0
131 0 0
132 0 0
133 0 0
134 0 0
135 0 0
136 0 0
137 0 0
138 0 0
139 0 0
140 0 0
141 0 0
142 0 0
143 0 0
144 0 0
145 0 0
146 0 0
147 0 0
148 0 0
149 0 0
150 0 0
151 0 0
152 0 0
153 0 0
154 0 0
155 0 0
156 0 0
157 0 0
158 0 0
159 0 0
160 0 0
161 0 0
162 0 0
163 0 0
164 0 0
165 0 0
166 0 0
167 0 0
168 0 0
169 0 0
170 0 0
171 0 0
172 0 0
173 0 0
174 0 0
175 0 0
176 0 0
177 0 0
178 0 0
179 0 0
180 0 0
181 0 0
182 0 0
183 0 0
184 0 0
185 0 0
186 0 0
187 0 0
188 0 0
189 0 0
190 0 0
191 0 0
192 0 0
193 0 0
194 0 0
195 0 0
196 0 0
197 0 0
198 0 0
199 0 0
200 0 0
201 0 0
202 0 0
203 0 0
204 0 0
205 0 0
206 0 0
207 0 0
208 0 0
209 0 0
210 0 0
211 0 0
212 0 0
213 0 0
214 0 0
215 0 0
216 0 0
217 0 0
218 0 0
219 0 0
220 0 0
221 0 0
222 0 0
223 0 0
224 0 0
225 0 0
226 0 0
227 0 0
228 0 0
229 0 0
230 0 0
231 0 0
232 0 0
233 0 0
234 0 0
235 0 0
236 0 0
237 0 0
238 0 0
239 0 0
240 0 0
241 0 0
242 0 0
243 0 0
244 0 0
245 0 0
246 0 0
247 0 0
248 0 0
249 0 0
250 0 0
251 0 0
252 0 0
253 0 0
254 0 0
255 0 0
256 0 0
257 0 0
258 0 0
259 0 0
260 0 0
261 0 0
262 0 0
263 0 0
264 0 0
265 0 0
266 0 0
267 0 0
268 0 0
269 0 0
270 0 0
271 0 0
272 0 0
273 0 0
274 0 0
275 0 0
276 0 0
277 0 0
278 0 0
279 0 0
280 0 0
281 0 0
282 0 0
283 0 0
284 0 0
285 0 0
286 0 0
287 0 0
288 0 0
289 0 0
290 0 0
291 0 0
292 0 0
293 0 0
294 0 0
295 0 0
296 0 0
297 0 0
298 0 0
299 0 0
300 0 0
301 0 0
302 0 0
303 0 0
304 0 0
305 0 0
306 0 0
307 0 0
308 0 0
309 0 0
310 0 0
311 0 0
312 0 0
313 0 0
314 0 0
315 0 0
316 0 0
317 0 0
318 0 0
319 0 0
320 0 0
321 0 0
322 0 0
323 0 0
324 0 0
325 0 0
326 0 0
327 0 0
328 0 0
329 0 0
330 0 0
331 0 0
332 0 0
333 0 0
334 0 0
335 0 0
336 0 0
337 0 0
338 0 0
339 0 0
340 0 0
341 0 0
342 0 0
343 0 0
344 0 0
345 0 0
346 0 0
347 0 0
348 0 0
349 0 0
350 0 0
351 0 0
352 0 0
353 0 0
354 0 0
355 0 0
356 0 0
357 0 0
358 0 0
359 0 0
360 0 0
361 0 0
362 0 0
363 0 0
364 0 0
365 0 0
366 0 0
367 0 0
368 0 0
369 0 0
370 0 0
371 0 0
372 0 0
373 0 0
374 0 0
375 0 0
376 0 0
377 0 0
378 0 0
379 0 0
380 0 0
381 0 0
382 0 0
383 0 0
384 0 0
385 0 0
386 0 0
387 0 0
388 0 0
389 0 0
390 0 0
391 0 0
392 0 0
393 0 0
394 0 0
395 0 0
396 0 0
397 0 0
398 0 0
399 0 0
400 0 0
401 0 0
402 0 0
403 0 0
404 0 0
405 0 0
406 0 0
407 0 0
408 0 0
409 0 0
410 0 0
411 0 0
412 0 0
413 0 0
414 0 0
415 0 0
416 0 0
417 0 0
418 0 0
419 0 0
420 0 0
421 0 0
422 0 0
423 0 0
424 0 0
425 0 0
426 0 0
427 0 0
428 0 0
429 0 0
430 0 0
431 0 0
432 0 0
433 0 0
434 0 0
435 0 0
436 0 0
437 0 0
438 0 0
439 0 0
440 0 0
441 0 0
442 0 0
443 0 0
444 0 0
445 0 0
446 0 0
447 0 0
448 0 0
449 0 0
450 0 0
451 0 0
452 386 45
453 346 372
454 126 369
455 272 81
456 313 394
457 31 446
458 335 21
459 132 307
460 157 426
461 167 97
462 353 22
463 391 116
464 87 351
465 432 65
466 401 156
467 334 148
468 239 96
469 350 141
470 68 96
471 87 192
472 268 244
473 2 314
474 277 400
475 229 98
476 46 231
477 166 259
478 383 94
479 143 145
480 437 365
481 8 324
482 420 2
483 183 342
484 130 392
485 309 109
486 4 350
487 232 196
488 350 248
489 188 251
490 447 378
491 126 411
492 254 71
493 285 258
494 185 94
495 146 70
496 172 86
497 136 425
498 351 267
499 42 89
500 431 282
501 448 158
502 408 294
503 335 189
504 252 194
505 114 149
506 258 2
507 440 385
508 441 321
509 168 395
510 166 310
511 329 412
512 108 43
513 188 164
514 4 372
515 333 213
516 398 238
517 342 362
518 89 249
519 53 209
520 402 371
521 142 377
522 147 226
523 155 209
524 214 146
525 124 91
526 221 442
527 408 147
528 261 362
529 319 283
530 187 18
531 388 364
532 452 452
533 452 452
534 452 452
535 452 452
536 452 452
537 452 452
538 452 452
539 452 452
540 452 452
541 452 452
542 453 453
543 453 453
544 453 453
545 453 453
546 453 453
547 453 453
548 453 453
549 453 453
550 453 453
551 453 453
552 454 454
553 454 454
554 454 454
555 454 454
556 454 454
557 454 454
558 454 454
559 454 454
560 454 454
561 454 454
562 455 455
563 455 455
564 455 455
565 455 455
566 455 455
567 455 455
568 455 455
569 455 455
570 455 455
571 455 455
572 456 456
573 456 456
574 456 456
575 456 456
576 456 456
577 456 456
578 456 456
579 456 456
580 456 456
581 456 456
582 457 457
583 457 457
584 457 457
585 457 457
586 457 457
587 457 457
588 457 457
589 457 457
590 457 457
591 457 457
592 458 458
593 458 458
594 458 458
595 458 458
596 458 458
597 458 458
598 458 458
599 458 458
600 458 458
601 458 458
602 459 459
603 459 459
604 459 459
605 459 459
606 459 459
607 459 459
608 459 459
609 459 459
610 459 459
611 459 459
612 460 460
613 460 460
614 460 460
615 460 460
616 460 460
617 460 460
618 460 460
619 460 460
620 460 460
621 460 460
622 461 461
623 461 461
624 461 461
625 461 461
626 461 461
627 461 461
628 461 461
629 461 461
630 461 461
631 461 461
632 462 462
633 462 462
634 462 462
635 462 462
636 462 462
637 462 462
638 462 462
639 462 462
640 462 462
641 462 462
642 463 463
643 463 463
644 463 463
645 463 463
646 463 463
647 463 463
648 463 463
649 463 463
650 463 463
651 463 463
652 464 464
653 464 464
654 464 464
655 464 464
656 464 464
657 464 464
658 464 464
659 464 464
660 464 464
661 464 464
662 465 465
663 465 465
664 465 465
665 465 465
666 465 465
667 465 465
668 465 465
669 465 465
670 465 465
671 465 465
672 466 466
673 466 466
674 466 466
675 466 466
676 466 466
677 466 466
678 466 466
679 466 466
680 466 466
681 466 466
682 467 467
683 467 467
684 467 467
685 467 467
686 467 467
687 467 467
688 467 467
689 467 467
690 467 467
691 467 467
692 468 468
693 468 468
694 468 468
695 468 468
696 468 468
697 468 468
698 468 468
699 468 468
700 468 468
701 468 468
702 469 469
703 469 469
704 469 469
705 469 469
706 469 469
707 469 469
708 469 469
709 469 469
710 469 469
711 469 469
712 470 470
713 470 470
714 470 470
715 470 470
716 470 470
717 470 470
718 470 470
719 470 470
720 470 470
721 470 470
722 471 471
723 471 471
724 471 471
725 471 471
726 471 471
727 471 471
728 471 471
729 471 471
730 471 471
731 471 471
732 472 472
733 472 472
734 472 472
735 472 472
736 472 472
737 472 472
738 472 472
739 472 472
740 472 472
741 472 472
742 473 473
743 473 473
744 473 473
745 473 473
746 473 473
747 473 473
748 473 473
749 473 473
750 473 473
751 473 473
752 474 474
753 474 474
754 474 474
755 474 474
756 474 474
757 474 474
758 474 474
759 474 474
760 474 474
761 474 474
762 475 475
763 475 475
764 475 475
765 475 475
766 475 475
767 475 475
768 475 475
769 475 475
770 475 475
771 475 475
772 476 476
773 476 476
774 476 476
775 476 476
776 476 476
777 476 476
778 476 476
779 476 476
780 476 476
781 476 476
782 477 477
783 477 477
784 477 477
785 477 477
786 477 477
787 477 477
788 477 477
789 477 477
790 477 477
791 477 477
792 478 478
793 478 478
794 478 478
795 478 478
796 478 478
797 478 478
798 478 478
799 478 478
800 478 478
801 478 478
802 479 479
803 479 479
804 479 479
805 479 479
806 479 479
807 479 479
808 479 479
809 479 479
810 479 479
811 479 479
812 480 480
813 480 480
814 480 480
815 480 480
816 480 480
817 480 480
818 480 480
819 480 480
820 480 480
821 480 480
822 481 481
823 481 481
824 481 481
825 481 481
826 481 481
827 481 481
828 481 481
829 481 481
830 481 481
831 481 481
832 482 482
833 482 482
834 482 482
835 482 482
836 482 482
837 482 482
838 482 482
839 482 482
840 482 482
841 482 482
842 483 483
843 483 483
844 483 483
845 483 483
846 483 483
847 483 483
848 483 483
849 483 483
850 483 483
851 483 483
852 484 484
853 484 484
854 484 484
855 484 484
856 484 484
857 484 484
858 484 484
859 484 484
860 484 484
861 484 484
862 485 485
863 485 485
864 485 485
865 485 485
866 485 485
867 485 485
868 485 485
869 485 485
870 485 485
871 485 485
872 486 486
873 486 486
874 486 486
875 486 486
876 486 486
877 486 486
878 486 486
879 486 486
880 486 486
881 486 486
882 487 487
883 487 487
884 487 487
885 487 487
886 487 487
887 487 487
888 487 487
889 487 487
890 487 487
891 487 487
892 488 488
893 488 488
894 488 488
895 488 488
896 488 488
897 488 488
898 488 488
899 488 488
900 488 488
901 488 488
902 489 489
903 489 489
904 489 489
905 489 489
906 489 489
907 489 489
908 489 489
909 489 489
910 489 489
911 489 489
912 490 490
913 490 490
914 490 490
915 490 490
916 490 490
917 490 490
918 490 490
919 490 490
920 490 490
921 490 490
922 491 491
923 491 491
924 491 491
925 491 491
926 491 491
927 491 491
928 491 491
929 491 491
930 491 491
931 491 491
932 492 492
933 492 492
934 492 492
935 492 492
936 492 492
937 492 492
938 492 492
939 492 492
940 492 492
941 492 492
942 493 493
943 493 493
944 493 493
945 493 493
946 493 493
947 493 493
948 493 493
949 493 493
950 493 493
951 493 493
952 494 494
953 494 494
954 494 494
955 494 494
956 494 494
957 494 494
958 494 494
959 494 494
960 494 494
961 494 494
962 495 495
963 495 495
964 495 495
965 495 495
966 495 495
967 495 495
968 495 495
969 495 495
970 495 495
971 495 495
972 496 496
973 496 496
974 496 496
975 496 496
976 496 496
977 496 496
978 496 496
979 496 496
980 496 496
981 496 496
982 497 497
983 497 497
984 497 497
985 497 497
986 497 497
987 497 497
988 497 497
989 497 497
990 497 497
991 497 497
992 498 498
993 498 498
994 498 498
995 498 498
996 498 498
997 498 498
998 498 498
999 498 498
1000 498 498
1001 498 498
1002 499 499
1003 499 499
1004 499 499
1005 499 499
1006 499 499
1007 499 499
1008 499 499
1009 499 499
1010 499 499
1011 499 499
1012 500 500
1013 500 500
1014 500 500
1015 500 500
1016 500 500
1017 500 500
1018 500 500
1019 500 500
1020 500 500
1021 500 500
1022 501 501
1023 501 501
1024 501 501
1025 501 501
1026 501 501
1027 501 501
1028 501 501
1029 501 501
1030 501 501
1031 501 501
1032 502 502
1033 502 502
1034 502 502
1035 502 502
1036 502 502
1037 502 502
1038 502 502
1039 502 502
1040 502 502
1041 502 502
1042 503 503
1043 503 503
1044 503 503
1045 503 503
1046 503 503
1047 503 503
1048 503 503
1049 503 503
1050 503 503
1051 503 503
1052 504 504
1053 504 504
1054 504 504
1055 504 504
1056 504 504
1057 504 504
1058 504 504
1059 504 504
1060 504 504
1061 504 504
1062 505 505
1063 505 505
1064 505 505
1065 505 505
1066 505 505
1067 505 505
1068 505 505
1069 505 505
1070 505 505
1071 505 505
1072 506 506
1073 506 506
1074 506 506
1075 506 506
1076 506 506
1077 506 506
1078 506 506
1079 506 506
1080 506 506
1081 506 506
1082 507 507
1083 507 507
1084 507 507
1085 507 507
1086 507 507
1087 507 507
1088 507 507
1089 507 507
1090 507 507
1091 507 507
1092 508 508
1093 508 508
1094 508 508
1095 508 508
1096 508 508
1097 508 508
1098 508 508
1099 508 508
1100 508 508
1101 508 508
1102 509 509
1103 509 509
1104 509 509
1105 509 509
1106 509 509
1107 509 509
1108 509 509
1109 509 509
1110 509 509
1111 509 509
1112 510 510
1113 510 510
1114 510 510
1115 510 510
1116 510 510
1117 510 510
1118 510 510
1119 510 510
1120 510 510
1121 510 510
1122 511 511
1123 511 511
1124 511 511
1125 511 511
1126 511 511
1127 511 511
1128 511 511
1129 511 511
1130 511 511
1131 511 511
1132 512 512
1133 512 512
1134 512 512
1135 512 512
1136 512 512
1137 512 512
1138 512 512
1139 512 512
1140 512 512
1141 512 512
1142 513 513
1143 513 513
1144 513 513
1145 513 513
1146 513 513
1147 513 513
1148 513 513
1149 513 513
1150 513 513
1151 513 513
1152 514 514
1153 514 514
1154 514 514
1155 514 514
1156 514 514
1157 514 514
1158 514 514
1159 514 514
1160 514 514
1161 514 514
1162 515 515
1163 515 515
1164 515 515
1165 515 515
1166 515 515
1167 515 515
1168 515 515
1169 515 515
1170 515 515
1171 515 515
1172 516 516
1173 516 516
1174 516 516
1175 516 516
1176 516 516
1177 516 516
1178 516 516
1179 516 516
1180 516 516
1181 516 516
1182 517 517
1183 517 517
1184 517 517
1185 517 517
1186 517 517
1187 517 517
1188 517 517
1189 517 517
1190 517 517
1191 517 517
1192 518 518
1193 518 518
1194 518 518
1195 518 518
1196 518 518
1197 518 518
1198 518 518
1199 518 518
1200 518 518
1201 518 518
1202 519 519
1203 519 519
1204 519 519
1205 519 519
1206 519 519
1207 519 519
1208 519 519
1209 519 519
1210 519 519
1211 519 519
1212 520 520
1213 520 520
1214 520 520
1215 520 520
1216 520 520
1217 520 520
1218 520 520
1219 520 520
1220 520 520
1221 520 520
1222 521 521
1223 521 521
1224 521 521
1225 521 521
1226 521 521
1227 521 521
1228 521 521
1229 521 521
1230 521 521
1231 521 521
1232 522 522
1233 522 522
1234 522 522
1235 522 522
1236 522 522
1237 522 522
1238 522 522
1239 522 522
1240 522 522
1241 522 522
1242 523 523
1243 523 523
1244 523 523
1245 523 523
1246 523 523
1247 523 523
1248 523 523
1249 523 523
1250 523 523
1251 523 523
1252 524 524
1253 524 524
1254 524 524
1255 524 524
1256 524 524
1257 524 524
1258 524 524
1259 524 524
1260 524 524
1261 524 524
1262 525 525
1263 525 525
1264 525 525
1265 525 525
1266 525 525
1267 525 525
1268 525 525
1269 525 525
1270 525 525
1271 525 525
1272 526 526
1273 526 526
1274 526 526
1275 526 526
1276 526 526
1277 526 526
1278 526 526
1279 526 526
1280 526 526
1281 526 526
1282 527 527
1283 527 527
1284 527 527
1285 527 527
1286 527 527
1287 527 527
1288 527 527
1289 527 527
1290 527 527
1291 527 527
1292 528 528
1293 528 528
1294 528 528
1295 528 528
1296 528 528
1297 528 528
1298 528 528
1299 528 528
1300 528 528
1301 528 528
1302 529 529
1303 529 529
1304 529 529
1305 529 529
1306 529 529
1307 529 529
1308 529 529
1309 529 529
1310 529 529
1311 529 529
1312 530 530
1313 530 530
1314 530 530
1315 530 530
1316 530 530
1317 530 530
1318 530 530
1319 530 530
1320 530 530
1321 530 530
1322 531 531
1323 531 531
1324 531 531
1325 531 531
1326 531 531
1327 531 531
1328 531 531
1329 531 531
1330 531 531
1331 531 531
1332 532 532
1333 533 533
1334 534 534
1335 535 535
1336 536 536
1337 537 537
1338 538 538
1339 539 539
1340 540 540
1341 541 541
1342 542 542
1343 543 543
1344 544 544
1345 545 545
1346 546 546
1347 547 547
1348 548 548
1349 549 549
1350 550 550
1351 551 551
1352 552 552
1353 553 553
1354 554 554
1355 555 555
1356 556 556
1357 557 557
1358 558 558
1359 559 559
1360 560 560
1361 561 561
1362 562 562
1363 563 563
1364 564 564
1365 565 565
1366 566 566
1367 567 567
1368 568 568
1369 569 569
1370 570 570
1371 571 571
1372 572 572
1373 573 573
1374 574 574
1375 575 575
1376 576 576
1377 577 577
1378 578 578
1379 579 579
1380 580 580
1381 581 581
1382 582 582
1383 583 583
1384 584 584
1385 585 585
1386 586 586
1387 587 587
1388 588 588
1389 589 589
1390 590 590
1391 591 591
1392 592 592
1393 593 593
1394 594 594
1395 595 595
1396 596 596
1397 597 597
1398 598 598
1399 599 599
1400 600 600
1401 601 601
1402 602 602
1403 603 603
1404 604 604
1405 605 605
1406 606 606
1407 607 607
1408 608 608
1409 609 609
1410 610 610
1411 611 611
1412 612 612
1413 613 613
1414 614 614
1415 615 615
1416 616 616
1417 617 617
1418 618 618
1419 619 619
1420 620 620
1421 621 621
1422 622 622
1423 623 623
1424 624 624
1425 625 625
1426 626 626
1427 627 627
1428 628 628
1429 629 629
1430 630 630
1431 631 631
1432 632 632
1433 633 633
1434 634 634
1435 635 635
1436 636 636
1437 637 637
1438 638 638
1439 639 639
1440 640 640
1441 641 641
1442 642 642
1443 643 643
1444 644 644
1445 645 645
1446 646 646
1447 647 647
1448 648 648
1449 649 649
1450 650 650
1451 651 651
1452 652 652
1453 653 653
1454 654 654
1455 655 655
1456 656 656
1457 657 657
1458 658 658
1459 659 659
1460 660 660
1461 661 661
1462 662 662
1463 663 663
1464 664 664
1465 665 665
1466 666 666
1467 667 667
1468 668 668
1469 669 669
1470 670 670
1471 671 671
1472 672 672
1473 673 673
1474 674 674
1475 675 675
1476 676 676
1477 677 677
1478 678 678
1479 679 679
1480 680 680
1481 681 681
1482 682 682
1483 683 683
1484 684 684
1485 685 685
1486 686 686
1487 687 687
1488 688 688
1489 689 689
1490 690 690
1491 691 691
1492 692 692
1493 693 693
1494 694 694
1495 695 695
1496 696 696
1497 697 697
1498 698 698
1499 699 699
1500 700 700
1501 701 701
1502 702 702
1503 703 703
1504 704 704
1505 705 705
1506 706 706
1507 707 707
1508 708 708
1509 709 709
1510 710 710
1511 711 711
1512 712 712
1513 713 713
1514 714 714
1515 715 715
1516 716 716
1517 717 717
1518 718 718
1519 719 719
1520 720 720
1521 721 721
1522 722 722
1523 723 723
1524 724 724
1525 725 725
1526 726 726
1527 727 727
1528 728 728
1529 729 729
1530 730 730
1531 731 731
1532 732 732
1533 733 733
1534 734 734
1535 735 735
1536 736 736
1537 737 737
1538 738 738
1539 739 739
1540 740 740
1541 741 741
1542 742 742
1543 743 743
1544 744 744
1545 745 745
1546 746 746
1547 747 747
1548 748 748
1549 749 749
1550 750 750
1551 751 751
1552 752 752
1553 753 753
1554 754 754
1555 755 755
1556 756 756
1557 757 757
1558 758 758
1559 759 759
1560 760 760
1561 761 761
1562 762 762
1563 763 763
1564 764 764
1565 765 765
1566 766 766
1567 767 767
1568 768 768
1569 769 769
1570 770 770
1571 771 771
1572 772 772
1573 773 773
1574 774 774
1575 775 775
1576 776 776
1577 777 777
1578 778 778
1579 779 779
1580 780 780
1581 781 781
1582 782 782
1583 783 783
1584 784 784
1585 785 785
1586 786 786
1587 787 787
1588 788 788
1589 789 789
1590 790 790
1591 791 791
1592 792 792
1593 793 793
1594 794 794
1595 795 795
1596 796 796
1597 797 797
1598 798 798
1599 799 799
1600 800 800
1601 801 801
1602 802 802
1603 803 803
1604 804 804
1605 805 805
1606 806 806
1607 807 807
1608 808 808
1609 809 809
1610 810 810
1611 811 811
1612 812 812
1613 813 813
1614 814 814
1615 815 815
1616 816 816
1617 817 817
1618 818 818
1619 819 819
1620 820 820
1621 821 821
1622 822 822
1623 823 823
1624 824 824
1625 825 825
1626 826 826
1627 827 827
1628 828 828
1629 829 829
1630 830 830
1631 831 831
1632 832 832
1633 833 833
1634 834 834
1635 835 835
1636 836 836
1637 837 837
1638 838 838
1639 839 839
1640 840 840
1641 841 841
1642 842 842
1643 843 843
1644 844 844
1645 845 845
1646 846 846
1647 847 847
1648 848 848
1649 849 849
1650 850 850
1651 851 851
1652 852 852
1653 853 853
1654 854 854
1655 855 855
1656 856 856
1657 857 857
1658 858 858
1659 859 859
1660 860 860
1661 861 861
1662 862 862
1663 863 863
1664 864 864
1665 865 865
1666 866 866
1667 867 867
1668 868 868
1669 869 869
1670 870 870
1671 871 871
1672 872 872
1673 873 873
1674 874 874
1675 875 875
1676 876 876
1677 877 877
1678 878 878
1679 879 879
1680 880 880
1681 881 881
1682 882 882
1683 883 883
1684 884 884
1685 885 885
1686 886 886
1687 887 887
1688 888 888
1689 889 889
1690 890 890
1691 891 891
1692 892 892
1693 893 893
1694 894 894
1695 895 895
1696 896 896
1697 897 897
1698 898 898
1699 899 899
1700 900 900
1701 901 901
1702 902 902
1703 903 903
1704 904 904
1705 905 905
1706 906 906
1707 907 907
1708 908 908
1709 909 909
1710 910 910
1711 911 911
1712 912 912
1713 913 913
1714 914 914
1715 915 915
1716 916 916
1717 917 917
1718 918 918
1719 919 919
1720 920 920
1721 921 921
1722 922 922
1723 923 923
1724 924 924
1725 925 925
1726 926 926
1727 927 927
1728 928 928
1729 929 929
1730 930 930
1731 931 931
1732 932 932
1733 933 933
1734 934 934
1735 935 935
1736 936 936
1737 937 937
1738 938 938
1739 939 939
1740 940 940
1741 941 941
1742 942 942
1743 943 943
1744 944 944
1745 945 945
1746 946 946
1747 947 947
1748 948 948
1749 949 949
1750 950 950
1751 951 951
1752 952 952
1753 953 953
1754 954 954
1755 955 955
1756 956 956
1757 957 957
1758 958 958
1759 959 959
1760 960 960
1761 961 961
1762 962 962
1763 963 963
1764 964 964
1765 965 965
1766 966 966
1767 967 967
1768 968 968
1769 969 969
1770 970 970
1771 971 971
1772 972 972
1773 973 973
1774 974 974
1775 975 975
1776 976 976
1777 977 977
1778 978 978
1779 979 979
1780 980 980
1781 981 981
1782 982 982
1783 983 983
1784 984 984
1785 985 985
1786 986 986
1787 987 987
1788 988 988
1789 989 989
1790 990 990
1791 991 991
1792 992 992
1793 993 993
1794 994 994
1795 995 995
1796 996 996
1797 997 997
1798 998 998
1799 999 999
1800 1000 1000
1801 1001 1001
1802 1002 1002
1803 1003 1003
1804 1004 1004
1805 1005 1005
1806 1006 1006
1807 1007 1007
1808 1008 1008
1809 1009 1009
1810 1010 1010
1811 1011 1011
1812 1012 1012
1813 1013 1013
1814 1014 1014
1815 1015 1015
1816 1016 1016
1817 1017 1017
1818 1018 1018
1819 1019 1019
1820 1020 1020
1821 1021 1021
1822 1022 1022
1823 1023 1023
1824 1024 1024
1825 1025 1025
1826 1026 1026
1827 1027 1027
1828 1028 1028
1829 1029 1029
1830 1030 1030
1831 1031 1031
1832 1032 1032
1833 1033 1033
1834 1034 1034
1835 1035 1035
1836 1036 1036
1837 1037 1037
1838 1038 1038
1839 1039 1039
1840 1040 1040
1841 1041 1041
1842 1042 1042
1843 1043 1043
1844 1044 1044
1845 1045 1045
1846 1046 1046
1847 1047 1047
1848 1048 1048
1849 1049 1049
1850 1050 1050
1851 1051 1051
1852 1052 1052
1853 1053 1053
1854 1054 1054
1855 1055 1055
1856 1056 1056
1857 1057 1057
1858 1058 1058
1859 1059 1059
1860 1060 1060
1861 1061 1061
1862 1062 1062
1863 1063 1063
1864 1064 1064
1865 1065 1065
1866 1066 1066
1867 1067 1067
1868 1068 1068
1869 1069 1069
1870 1070 1070
1871 1071 1071
1872 1072 1072
1873 1073 1073
1874 1074 1074
1875 1075 1075
1876 1076 1076
1877 1077 1077
1878 1078 1078
1879 1079 1079
1880 1080 1080
1881 1081 1081
1882 1082 1082
1883 1083 1083
1884 1084 1084
1885 1085 1085
1886 1086 1086
1887 1087 1087
1888 1088 1088
1889 1089 1089
1890 1090 1090
1891 1091 1091
1892 1092 1092
1893 1093 1093
1894 1094 1094
1895 1095 1095
1896 1096 1096
1897 1097 1097
1898 1098 1098
1899 1099 1099
1900 1100 1100
1901 1101 1101
1902 1102 1102
1903 1103 1103
1904 1104 1104
1905 1105 1105
1906 1106 1106
1907 1107 1107
1908 1108 1108
1909 1109 1109
1910 1110 1110
1911 1111 1111
1912 1112 1112
1913 1113 1113
1914 1114 1114
1915 1115 1115
1916 1116 1116
1917 1117 1117
1918 1118 1118
1919 1119 1119
1920 1120 1120
1921 1121 1121
1922 1122 1122
1923 1123 1123
1924 1124 1124
1925 1125 1125
1926 1126 1126
1927 1127 1127
1928 1128 1128
1929 1129 1129
1930 1130 1130
1931 1131 1131
1932 1132 1132
1933 1133 1133
1934 1134 1134
1935 1135 1135
1936 1136 1136
1937 1137 1137
1938 1138 1138
1939 1139 1139
1940 1140 1140
1941 1141 1141
1942 1142 1142
1943 1143 1143
1944 1144 1144
1945 1145 1145
1946 1146 1146
1947 1147 1147
1948 1148 1148
1949 1149 1149
1950 1150 1150
1951 1151 1151
1952 1152 1152
1953 1153 1153
1954 1154 1154
1955 1155 1155
1956 1156 1156
1957 1157 1157
1958 1158 1158
1959 1159 1159
1960 1160 1160
1961 1161 1161
1962 1162 1162
1963 1163 1163
1964 1164 1164
1965 1165 1165
1966 1166 1166
1967 1167 1167
1968 1168 1168
1969 1169 1169
1970 1170 1170
1971 1171 1171
1972 1172 1172
1973 1173 1173
1974 1174 1174
1975 1175 1175
1976 1176 1176
1977 1177 1177
1978 1178 1178
1979 1179 1179
1980 1180 1180
1981 1181 1181
1982 1182 1182
1983 1183 1183
1984 1184 1184
1985 1185 1185
1986 1186 1186
1987 1187 1187
1988 1188 1188
1989 1189 1189
1990 1190 1190
1991 1191 1191
1992 1192 1192
1993 1193 1193
1994 1194 1194
1995 1195 1195
1996 1196 1196
1997 1197 1197
1998 1198 1198
1999 1199 1199
2000 1200 1200
2001 1201 1201
2002 1202 1202
2003 1203 1203
2004 1204 1204
2005 1205 1205
2006 1206 1206
2007 1207 1207
2008 1208 1208
2009 1209 1209
2010 1210 1210
2011 1211 1211
2012 1212 1212
2013 1213 1213
2014 1214 1214
2015 1215 1215
2016 1216 1216
2017 1217 1217
2018 1218 1218
2019 1219 1219
2020 1220 1220
2021 1221 1221
2022 1222 1222
2023 1223 1223
2024 1224 1224
2025 1225 1225
2026 1226 1226
2027 1227 1227
2028 1228 1228
2029 1229 1229
2030 1230 1230
2031 1231 1231
2032 1232 1232
2033 1233 1233
2034 1234 1234
2035 1235 1235
2036 1236 1236
2037 1237 1237
2038 1238 1238
2039 1239 1239
2040 1240 1240
2041 1241 1241
2042 1242 1242
2043 1243 1243
2044 1244 1244
2045 1245 1245
2046 1246 1246
2047 1247 1247
2048 1248 1248
2049 1249 1249
2050 1250 1250
2051 1251 1251
2052 1252 1252
2053 1253 1253
2054 1254 1254
2055 1255 1255
2056 1256 1256
2057 1257 1257
2058 1258 1258
2059 1259 1259
2060 1260 1260
2061 1261 1261
2062 1262 1262
2063 1263 1263
2064 1264 1264
2065 1265 1265
2066 1266 1266
2067 1267 1267
2068 1268 1268
2069 1269 1269
2070 1270 1270
2071 1271 1271
2072 1272 1272
2073 1273 1273
2074 1274 1274
2075 1275 1275
2076 1276 1276
2077 1277 1277
2078 1278 1278
2079 1279 1279
2080 1280 1280
2081 1281 1281
2082 1282 1282
2083 1283 1283
2084 1284 1284
2085 1285 1285
2086 1286 1286
2087 1287 1287
2088 1288 1288
2089 1289 1289
2090 1290 1290
2091 1291 1291
2092 1292 1292
2093 1293 1293
2094 1294 1294
2095 1295 1295
2096 1296 1296
2097 1297 1297
2098 1298 1298
2099 1299 1299
2100 1300 1300
2101 1301 1301
2102 1302 1302
2103 1303 1303
2104 1304 1304
2105 1305 1305
2106 1306 1306
2107 1307 1307
2108 1308 1308
2109 1309 1309
2110 1310 1310
2111 1311 1311
2112 1312 1312
2113 1313 1313
2114 1314 1314
2115 1315 1315
2116 1316 1316
2117 1317 1317
2118 1318 1318
2119 1319 1319
2120 1320 1320
2121 1321 1321
2122 1322 1322
2123 1323 1323
2124 1324 1324
2125 1325 1325
2126 1326 1326
2127 1327 1327
2128 1328 1328
2129 1329 1329
2130 1330 1330
2131 1331 1331
