1 0 0
2 0 0
3 0 0
4 0 0
5 0 0
6 0 0
7 0 0
8 0 0
9 0 0
10 0 0
11 0 0
12 0 0
13 0 0
14 0 0
15 0 0
16 0 0
17 0 0
18 0 0
19 0 0
20 0 0
21 0 0
22 0 0
23 0 0
24 0 0
25 0 0
26 0 0
27 0 0
28 0 0
29 0 0
30 0 0
31 0 0
32 0 0
33 0 0
34 0 0
35 0 0
36 0 0
37 0 0
38 0 0
39 0 0
40 0 0
41 0 0
42 0 0
43 0 0
44 0 0
45 0 0
46 0 0
47 0 0
48 0 0
49 0 0
50 0 0
51 0 0
52 0 0
53 0 0
54 0 0
55 0 0
56 0 0
57 0 0
58 0 0
59 0 0
60 0 0
61 0 0
62 0 0
63 0 0
64 0 0
65 0 0
66 0 0
67 0 0
68 0 0
69 0 0
70 0 0
71 0 0
72 0 0
73 0 0
74 0 0
75 0 0
76 0 0
77 0 0
78 0 0
79 0 0
80 0 0
81 0 0
82 0 0
83 0 0
84 0 0
85 0 0
86 0 0
87 0 0
88 0 0
89 0 0
90 0 0
91 0 0
92 0 0
93 0 0
94 0 0
95 0 0
96 0 0
97 0 0
98 0 0
99 0 0
100 0 0
101 0 0
102 0 0
103 0 0
104 0 0
105 0 0
106 0 0
107 0 0
108 0 0
109 0 0
110 0 0
111 0 0
112 0 0
113 0 0
114 0 0
115 0 0
116 0 0
117 0 0
118 0 0
119 0 0
120 0 0
121 0 0
122 0 0
123 0 0
124 0 0
125 0 0
126 0 0
127 0 0
128 0 0
129 0 0
130 0 0
131 0 0
132 0 0
133 0 0
134 0 0
135 0 0
136 0 0
137 0 0
138 0 0
139 0 0
140 0 0
141 0 0
142 0 0
143 0 0
144 0 0
145 0 0
146 0 0
147 0 0
148 0 0
149 0 0
150 0 0
151 0 0
152 0 0
153 0 0
154 0 0
155 0 0
156 0 0
157 0 0
158 0 0
159 0 0
160 0 0
161 0 0
162 0 0
163 0 0
164 0 0
165 0 0
166 0 0
167 0 0
168 0 0
169 0 0
170 0 0
171 0 0
172 0 0
173 0 0
174 0 0
175 0 0
176 0 0
177 0 0
178 0 0
179 0 0
180 0 0
181 0 0
182 0 0
183 0 0
184 0 0
185 0 0
186 0 0
187 0 0
188 0 0
189 0 0
190 0 0
191 0 0
192 0 0
193 0 0
194 0 0
195 0 0
196 0 0
197 0 0
198 0 0
199 0 0
200 0 0
201 0 0
202 0 0
203 0 0
204 0 0
205 0 0
206 0 0
207 0 0
208 0 0
209 0 0
210 0 0
211 0 0
212 0 0
213 0 0
214 0 0
215 0 0
216 0 0
217 0 0
218 0 0
219 0 0
220 0 0
221 0 0
222 0 0
223 0 0
224 0 0
225 0 0
226 0 0
227 0 0
228 0 0
229 0 0
230 0 0
231 0 0
232 0 0
233 0 0
234 0 0
235 0 0
236 0 0
237 0 0
238 0 0
239 0 0
240 0 0
241 0 0
242 0 0
243 0 0
244 0 0
245 0 0
246 0 0
247 0 0
248 0 0
249 0 0
250 0 0
251 0 0
252 0 0
253 0 0
254 0 0
255 0 0
256 0 0
257 0 0
258 0 0
259 0 0
260 0 0
261 0 0
262 0 0
263 0 0
264 0 0
265 0 0
266 0 0
267 0 0
268 0 0
269 0 0
270 0 0
271 0 0
272 0 0
273 0 0
274 0 0
275 0 0
276 0 0
277 0 0
278 0 0
279 0 0
280 0 0
281 0 0
282 0 0
283 0 0
284 0 0
285 0 0
286 0 0
287 0 0
288 0 0
289 0 0
290 0 0
291 0 0
292 0 0
293 0 0
294 0 0
295 0 0
296 0 0
297 0 0
298 0 0
299 0 0
300 0 0
301 0 0
302 0 0
303 0 0
304 0 0
305 0 0
306 0 0
307 0 0
308 0 0
309 0 0
310 0 0
311 0 0
312 0 0
313 0 0
314 0 0
315 0 0
316 0 0
317 0 0
318 0 0
319 0 0
320 0 0
321 0 0
322 0 0
323 0 0
324 0 0
325 0 0
326 0 0
327 0 0
328 0 0
329 0 0
330 0 0
331 0 0
332 0 0
333 0 0
334 0 0
335 0 0
336 0 0
337 0 0
338 0 0
339 0 0
340 0 0
341 0 0
342 0 0
343 0 0
344 0 0
345 0 0
346 0 0
347 0 0
348 0 0
349 0 0
350 0 0
351 0 0
352 0 0
353 0 0
354 0 0
355 0 0
356 0 0
357 0 0
358 0 0
359 0 0
360 0 0
361 0 0
362 0 0
363 0 0
364 0 0
365 0 0
366 0 0
367 0 0
368 0 0
369 0 0
370 0 0
371 0 0
372 0 0
373 0 0
374 0 0
375 0 0
376 0 0
377 0 0
378 0 0
379 0 0
380 0 0
381 0 0
382 0 0
383 0 0
384 0 0
385 0 0
386 0 0
387 0 0
388 0 0
389 0 0
390 0 0
391 0 0
392 0 0
393 0 0
394 0 0
395 0 0
396 0 0
397 0 0
398 0 0
399 0 0
400 0 0
401 0 0
402 0 0
403 0 0
404 0 0
405 0 0
406 0 0
407 0 0
408 0 0
409 0 0
410 0 0
411 0 0
412 0 0
413 0 0
414 0 0
415 0 0
416 0 0
417 0 0
418 0 0
419 0 0
420 0 0
421 0 0
422 0 0
423 0 0
424 0 0
425 0 0
426 0 0
427 0 0
428 0 0
429 0 0
430 0 0
431 0 0
432 0 0
433 0 0
434 0 0
435 0 0
436 0 0
437 0 0
438 0 0
439 0 0
440 0 0
441 0 0
442 0 0
443 0 0
444 0 0
445 0 0
446 0 0
447 0 0
448 0 0
449 0 0
450 0 0
451 0 0
452 15 288
453 329 401
454 162 433
455 397 440
456 182 137
457 397 324
458 252 122
459 440 50
460 226 3
461 256 295
462 119 434
463 258 320
464 173 362
465 241 325
466 394 292
467 80 345
468 27 33
469 380 82
470 370 182
471 97 348
472 141 84
473 332 391
474 315 255
475 120 50
476 419 442
477 189 170
478 253 328
479 16 163
480 397 221
481 204 416
482 381 419
483 353 122
484 31 429
485 424 263
486 201 374
487 35 223
488 216 219
489 269 355
490 176 447
491 124 249
492 452 452
493 452 452
494 452 452
495 452 452
496 452 452
497 452 452
498 452 452
499 452 452
500 452 452
501 452 452
502 452 452
503 452 452
504 452 452
505 452 452
506 452 452
507 452 452
508 452 452
509 452 452
510 452 452
511 452 452
512 453 453
513 453 453
514 453 453
515 453 453
516 453 453
517 453 453
518 453 453
519 453 453
520 453 453
521 453 453
522 453 453
523 453 453
524 453 453
525 453 453
526 453 453
527 453 453
528 453 453
529 453 453
530 453 453
531 453 453
532 454 454
533 454 454
534 454 454
535 454 454
536 454 454
537 454 454
538 454 454
539 454 454
540 454 454
541 454 454
542 454 454
543 454 454
544 454 454
545 454 454
546 454 454
547 454 454
548 454 454
549 454 454
550 454 454
551 454 454
552 455 455
553 455 455
554 455 455
555 455 455
556 455 455
557 455 455
558 455 455
559 455 455
560 455 455
561 455 455
562 455 455
563 455 455
564 455 455
565 455 455
566 455 455
567 455 455
568 455 455
569 455 455
570 455 455
571 455 455
572 456 456
573 456 456
574 456 456
575 456 456
576 456 456
577 456 456
578 456 456
579 456 456
580 456 456
581 456 456
582 456 456
583 456 456
584 456 456
585 456 456
586 456 456
587 456 456
588 456 456
589 456 456
590 456 456
591 456 456
592 457 457
593 457 457
594 457 457
595 457 457
596 457 457
597 457 457
598 457 457
599 457 457
600 457 457
601 457 457
602 457 457
603 457 457
604 457 457
605 457 457
606 457 457
607 457 457
608 457 457
609 457 457
610 457 457
611 457 457
612 458 458
613 458 458
614 458 458
615 458 458
616 458 458
617 458 458
618 458 458
619 458 458
620 458 458
621 458 458
622 458 458
623 458 458
624 458 458
625 458 458
626 458 458
627 458 458
628 458 458
629 458 458
630 458 458
631 458 458
632 459 459
633 459 459
634 459 459
635 459 459
636 459 459
637 459 459
638 459 459
639 459 459
640 459 459
641 459 459
642 459 459
643 459 459
644 459 459
645 459 459
646 459 459
647 459 459
648 459 459
649 459 459
650 459 459
651 459 459
652 460 460
653 460 460
654 460 460
655 460 460
656 460 460
657 460 460
658 460 460
659 460 460
660 460 460
661 460 460
662 460 460
663 460 460
664 460 460
665 460 460
666 460 460
667 460 460
668 460 460
669 460 460
670 460 460
671 460 460
672 461 461
673 461 461
674 461 461
675 461 461
676 461 461
677 461 461
678 461 461
679 461 461
680 461 461
681 461 461
682 461 461
683 461 461
684 461 461
685 461 461
686 461 461
687 461 461
688 461 461
689 461 461
690 461 461
691 461 461
692 462 462
693 462 462
694 462 462
695 462 462
696 462 462
697 462 462
698 462 462
699 462 462
700 462 462
701 462 462
702 462 462
703 462 462
704 462 462
705 462 462
706 462 462
707 462 462
708 462 462
709 462 462
710 462 462
711 462 462
712 463 463
713 463 463
714 463 463
715 463 463
716 463 463
717 463 463
718 463 463
719 463 463
720 463 463
721 463 463
722 463 463
723 463 463
724 463 463
725 463 463
726 463 463
727 463 463
728 463 463
729 463 463
730 463 463
731 463 463
732 464 464
733 464 464
734 464 464
735 464 464
736 464 464
737 464 464
738 464 464
739 464 464
740 464 464
741 464 464
742 464 464
743 464 464
744 464 464
745 464 464
746 464 464
747 464 464
748 464 464
749 464 464
750 464 464
751 464 464
752 465 465
753 465 465
754 465 465
755 465 465
756 465 465
757 465 465
758 465 465
759 465 465
760 465 465
761 465 465
762 465 465
763 465 465
764 465 465
765 465 465
766 465 465
767 465 465
768 465 465
769 465 465
770 465 465
771 465 465
772 466 466
773 466 466
774 466 466
775 466 466
776 466 466
777 466 466
778 466 466
779 466 466
780 466 466
781 466 466
782 466 466
783 466 466
784 466 466
785 466 466
786 466 466
787 466 466
788 466 466
789 466 466
790 466 466
791 466 466
792 467 467
793 467 467
794 467 467
795 467 467
796 467 467
797 467 467
798 467 467
799 467 467
800 467 467
801 467 467
802 467 467
803 467 467
804 467 467
805 467 467
806 467 467
807 467 467
808 467 467
809 467 467
810 467 467
811 467 467
812 468 468
813 468 468
814 468 468
815 468 468
816 468 468
817 468 468
818 468 468
819 468 468
820 468 468
821 468 468
822 468 468
823 468 468
824 468 468
825 468 468
826 468 468
827 468 468
828 468 468
829 468 468
830 468 468
831 468 468
832 469 469
833 469 469
834 469 469
835 469 469
836 469 469
837 469 469
838 469 469
839 469 469
840 469 469
841 469 469
842 469 469
843 469 469
844 469 469
845 469 469
846 469 469
847 469 469
848 469 469
849 469 469
850 469 469
851 469 469
852 470 470
853 470 470
854 470 470
855 470 470
856 470 470
857 470 470
858 470 470
859 470 470
860 470 470
861 470 470
862 470 470
863 470 470
864 470 470
865 470 470
866 470 470
867 470 470
868 470 470
869 470 470
870 470 470
871 470 470
872 471 471
873 471 471
874 471 471
875 471 471
876 471 471
877 471 471
878 471 471
879 471 471
880 471 471
881 471 471
882 471 471
883 471 471
884 471 471
885 471 471
886 471 471
887 471 471
888 471 471
889 471 471
890 471 471
891 471 471
892 472 472
893 472 472
894 472 472
895 472 472
896 472 472
897 472 472
898 472 472
899 472 472
900 472 472
901 472 472
902 472 472
903 472 472
904 472 472
905 472 472
906 472 472
907 472 472
908 472 472
909 472 472
910 472 472
911 472 472
912 473 473
913 473 473
914 473 473
915 473 473
916 473 473
917 473 473
918 473 473
919 473 473
920 473 473
921 473 473
922 473 473
923 473 473
924 473 473
925 473 473
926 473 473
927 473 473
928 473 473
929 473 473
930 473 473
931 473 473
932 474 474
933 474 474
934 474 474
935 474 474
936 474 474
937 474 474
938 474 474
939 474 474
940 474 474
941 474 474
942 474 474
943 474 474
944 474 474
945 474 474
946 474 474
947 474 474
948 474 474
949 474 474
950 474 474
951 474 474
952 475 475
953 475 475
954 475 475
955 475 475
956 475 475
957 475 475
958 475 475
959 475 475
960 475 475
961 475 475
962 475 475
963 475 475
964 475 475
965 475 475
966 475 475
967 475 475
968 475 475
969 475 475
970 475 475
971 475 475
972 476 476
973 476 476
974 476 476
975 476 476
976 476 476
977 476 476
978 476 476
979 476 476
980 476 476
981 476 476
982 476 476
983 476 476
984 476 476
985 476 476
986 476 476
987 476 476
988 476 476
989 476 476
990 476 476
991 476 476
992 477 477
993 477 477
994 477 477
995 477 477
996 477 477
997 477 477
998 477 477
999 477 477
1000 477 477
1001 477 477
1002 477 477
1003 477 477
1004 477 477
1005 477 477
1006 477 477
1007 477 477
1008 477 477
1009 477 477
1010 477 477
1011 477 477
1012 478 478
1013 478 478
1014 478 478
1015 478 478
1016 478 478
1017 478 478
1018 478 478
1019 478 478
1020 478 478
1021 478 478
1022 478 478
1023 478 478
1024 478 478
1025 478 478
1026 478 478
1027 478 478
1028 478 478
1029 478 478
1030 478 478
1031 478 478
1032 479 479
1033 479 479
1034 479 479
1035 479 479
1036 479 479
1037 479 479
1038 479 479
1039 479 479
1040 479 479
1041 479 479
1042 479 479
1043 479 479
1044 479 479
1045 479 479
1046 479 479
1047 479 479
1048 479 479
1049 479 479
1050 479 479
1051 479 479
1052 480 480
1053 480 480
1054 480 480
1055 480 480
1056 480 480
1057 480 480
1058 480 480
1059 480 480
1060 480 480
1061 480 480
1062 480 480
1063 480 480
1064 480 480
1065 480 480
1066 480 480
1067 480 480
1068 480 480
1069 480 480
1070 480 480
1071 480 480
1072 481 481
1073 481 481
1074 481 481
1075 481 481
1076 481 481
1077 481 481
1078 481 481
1079 481 481
1080 481 481
1081 481 481
1082 481 481
1083 481 481
1084 481 481
1085 481 481
1086 481 481
1087 481 481
1088 481 481
1089 481 481
1090 481 481
1091 481 481
1092 482 482
1093 482 482
1094 482 482
1095 482 482
1096 482 482
1097 482 482
1098 482 482
1099 482 482
1100 482 482
1101 482 482
1102 482 482
1103 482 482
1104 482 482
1105 482 482
1106 482 482
1107 482 482
1108 482 482
1109 482 482
1110 482 482
1111 482 482
1112 483 483
1113 483 483
1114 483 483
1115 483 483
1116 483 483
1117 483 483
1118 483 483
1119 483 483
1120 483 483
1121 483 483
1122 483 483
1123 483 483
1124 483 483
1125 483 483
1126 483 483
1127 483 483
1128 483 483
1129 483 483
1130 483 483
1131 483 483
1132 484 484
1133 484 484
1134 484 484
1135 484 484
1136 484 484
1137 484 484
1138 484 484
1139 484 484
1140 484 484
1141 484 484
1142 484 484
1143 484 484
1144 484 484
1145 484 484
1146 484 484
1147 484 484
1148 484 484
1149 484 484
1150 484 484
1151 484 484
1152 485 485
1153 485 485
1154 485 485
1155 485 485
1156 485 485
1157 485 485
1158 485 485
1159 485 485
1160 485 485
1161 485 485
1162 485 485
1163 485 485
1164 485 485
1165 485 485
1166 485 485
1167 485 485
1168 485 485
1169 485 485
1170 485 485
1171 485 485
1172 486 486
1173 486 486
1174 486 486
1175 486 486
1176 486 486
1177 486 486
1178 486 486
1179 486 486
1180 486 486
1181 486 486
1182 486 486
1183 486 486
1184 486 486
1185 486 486
1186 486 486
1187 486 486
1188 486 486
1189 486 486
1190 486 486
1191 486 486
1192 487 487
1193 487 487
1194 487 487
1195 487 487
1196 487 487
1197 487 487
1198 487 487
1199 487 487
1200 487 487
1201 487 487
1202 487 487
1203 487 487
1204 487 487
1205 487 487
1206 487 487
1207 487 487
1208 487 487
1209 487 487
1210 487 487
1211 487 487
1212 488 488
1213 488 488
1214 488 488
1215 488 488
1216 488 488
1217 488 488
1218 488 488
1219 488 488
1220 488 488
1221 488 488
1222 488 488
1223 488 488
1224 488 488
1225 488 488
1226 488 488
1227 488 488
1228 488 488
1229 488 488
1230 488 488
1231 488 488
1232 489 489
1233 489 489
1234 489 489
1235 489 489
1236 489 489
1237 489 489
1238 489 489
1239 489 489
1240 489 489
1241 489 489
1242 489 489
1243 489 489
1244 489 489
1245 489 489
1246 489 489
1247 489 489
1248 489 489
1249 489 489
1250 489 489
1251 489 489
1252 490 490
1253 490 490
1254 490 490
1255 490 490
1256 490 490
1257 490 490
1258 490 490
1259 490 490
1260 490 490
1261 490 490
1262 490 490
1263 490 490
1264 490 490
1265 490 490
1266 490 490
1267 490 490
1268 490 490
1269 490 490
1270 490 490
1271 490 490
1272 491 491
1273 491 491
1274 491 491
1275 491 491
1276 491 491
1277 491 491
1278 491 491
1279 491 491
1280 491 491
1281 491 491
1282 491 491
1283 491 491
1284 491 491
1285 491 491
1286 491 491
1287 491 491
1288 491 491
1289 491 491
1290 491 491
1291 491 491
1292 492 492
1293 493 493
1294 494 494
1295 495 495
1296 496 496
1297 497 497
1298 498 498
1299 499 499
1300 500 500
1301 501 501
1302 502 502
1303 503 503
1304 504 504
1305 505 505
1306 506 506
1307 507 507
1308 508 508
1309 509 509
1310 510 510
1311 511 511
1312 512 512
1313 513 513
1314 514 514
1315 515 515
1316 516 516
1317 517 517
1318 518 518
1319 519 519
1320 520 520
1321 521 521
1322 522 522
1323 523 523
1324 524 524
1325 525 525
1326 526 526
1327 527 527
1328 528 528
1329 529 529
1330 530 530
1331 531 531
1332 532 532
1333 533 533
1334 534 534
1335 535 535
1336 536 536
1337 537 537
1338 538 538
1339 539 539
1340 540 540
1341 541 541
1342 542 542
1343 543 543
1344 544 544
1345 545 545
1346 546 546
1347 547 547
1348 548 548
1349 549 549
1350 550 550
1351 551 551
1352 552 552
1353 553 553
1354 554 554
1355 555 555
1356 556 556
1357 557 557
1358 558 558
1359 559 559
1360 560 560
1361 561 561
1362 562 562
1363 563 563
1364 564 564
1365 565 565
1366 566 566
1367 567 567
1368 568 568
1369 569 569
1370 570 570
1371 571 571
1372 572 572
1373 573 573
1374 574 574
1375 575 575
1376 576 576
1377 577 577
1378 578 578
1379 579 579
1380 580 580
1381 581 581
1382 582 582
1383 583 583
1384 584 584
1385 585 585
1386 586 586
1387 587 587
1388 588 588
1389 589 589
1390 590 590
1391 591 591
1392 592 592
1393 593 593
1394 594 594
1395 595 595
1396 596 596
1397 597 597
1398 598 598
1399 599 599
1400 600 600
1401 601 601
1402 602 602
1403 603 603
1404 604 604
1405 605 605
1406 606 606
1407 607 607
1408 608 608
1409 609 609
1410 610 610
1411 611 611
1412 612 612
1413 613 613
1414 614 614
1415 615 615
1416 616 616
1417 617 617
1418 618 618
1419 619 619
1420 620 620
1421 621 621
1422 622 622
1423 623 623
1424 624 624
1425 625 625
1426 626 626
1427 627 627
1428 628 628
1429 629 629
1430 630 630
1431 631 631
1432 632 632
1433 633 633
1434 634 634
1435 635 635
1436 636 636
1437 637 637
1438 638 638
1439 639 639
1440 640 640
1441 641 641
1442 642 642
1443 643 643
1444 644 644
1445 645 645
1446 646 646
1447 647 647
1448 648 648
1449 649 649
1450 650 650
1451 651 651
1452 652 652
1453 653 653
1454 654 654
1455 655 655
1456 656 656
1457 657 657
1458 658 658
1459 659 659
1460 660 660
1461 661 661
1462 662 662
1463 663 663
1464 664 664
1465 665 665
1466 666 666
1467 667 667
1468 668 668
1469 669 669
1470 670 670
1471 671 671
1472 672 672
1473 673 673
1474 674 674
1475 675 675
1476 676 676
1477 677 677
1478 678 678
1479 679 679
1480 680 680
1481 681 681
1482 682 682
1483 683 683
1484 684 684
1485 685 685
1486 686 686
1487 687 687
1488 688 688
1489 689 689
1490 690 690
1491 691 691
1492 692 692
1493 693 693
1494 694 694
1495 695 695
1496 696 696
1497 697 697
1498 698 698
1499 699 699
1500 700 700
1501 701 701
1502 702 702
1503 703 703
1504 704 704
1505 705 705
1506 706 706
1507 707 707
1508 708 708
1509 709 709
1510 710 710
1511 711 711
1512 712 712
1513 713 713
1514 714 714
1515 715 715
1516 716 716
1517 717 717
1518 718 718
1519 719 719
1520 720 720
1521 721 721
1522 722 722
1523 723 723
1524 724 724
1525 725 725
1526 726 726
1527 727 727
1528 728 728
1529 729 729
1530 730 730
1531 731 731
1532 732 732
1533 733 733
1534 734 734
1535 735 735
1536 736 736
1537 737 737
1538 738 738
1539 739 739
1540 740 740
1541 741 741
1542 742 742
1543 743 743
1544 744 744
1545 745 745
1546 746 746
1547 747 747
1548 748 748
1549 749 749
1550 750 750
1551 751 751
1552 752 752
1553 753 753
1554 754 754
1555 755 755
1556 756 756
1557 757 757
1558 758 758
1559 759 759
1560 760 760
1561 761 761
1562 762 762
1563 763 763
1564 764 764
1565 765 765
1566 766 766
1567 767 767
1568 768 768
1569 769 769
1570 770 770
1571 771 771
1572 772 772
1573 773 773
1574 774 774
1575 775 775
1576 776 776
1577 777 777
1578 778 778
1579 779 779
1580 780 780
1581 781 781
1582 782 782
1583 783 783
1584 784 784
1585 785 785
1586 786 786
1587 787 787
1588 788 788
1589 789 789
1590 790 790
1591 791 791
1592 792 792
1593 793 793
1594 794 794
1595 795 795
1596 796 796
1597 797 797
1598 798 798
1599 799 799
1600 800 800
1601 801 801
1602 802 802
1603 803 803
1604 804 804
1605 805 805
1606 806 806
1607 807 807
1608 808 808
1609 809 809
1610 810 810
1611 811 811
1612 812 812
1613 813 813
1614 814 814
1615 815 815
1616 816 816
1617 817 817
1618 818 818
1619 819 819
1620 820 820
1621 821 821
1622 822 822
1623 823 823
1624 824 824
1625 825 825
1626 826 826
1627 827 827
1628 828 828
1629 829 829
1630 830 830
1631 831 831
1632 832 832
1633 833 833
1634 834 834
1635 835 835
1636 836 836
1637 837 837
1638 838 838
1639 839 839
1640 840 840
1641 841 841
1642 842 842
1643 843 843
1644 844 844
1645 845 845
1646 846 846
1647 847 847
1648 848 848
1649 849 849
1650 850 850
1651 851 851
1652 852 852
1653 853 853
1654 854 854
1655 855 855
1656 856 856
1657 857 857
1658 858 858
1659 859 859
1660 860 860
1661 861 861
1662 862 862
1663 863 863
1664 864 864
1665 865 865
1666 866 866
1667 867 867
1668 868 868
1669 869 869
1670 870 870
1671 871 871
1672 872 872
1673 873 873
1674 874 874
1675 875 875
1676 876 876
1677 877 877
1678 878 878
1679 879 879
1680 880 880
1681 881 881
1682 882 882
1683 883 883
1684 884 884
1685 885 885
1686 886 886
1687 887 887
1688 888 888
1689 889 889
1690 890 890
1691 891 891
1692 892 892
1693 893 893
1694 894 894
1695 895 895
1696 896 896
1697 897 897
1698 898 898
1699 899 899
1700 900 900
1701 901 901
1702 902 902
1703 903 903
1704 904 904
1705 905 905
1706 906 906
1707 907 907
1708 908 908
1709 909 909
1710 910 910
1711 911 911
1712 912 912
1713 913 913
1714 914 914
1715 915 915
1716 916 916
1717 917 917
1718 918 918
1719 919 919
1720 920 920
1721 921 921
1722 922 922
1723 923 923
1724 924 924
1725 925 925
1726 926 926
1727 927 927
1728 928 928
1729 929 929
1730 930 930
1731 931 931
1732 932 932
1733 933 933
1734 934 934
1735 935 935
1736 936 936
1737 937 937
1738 938 938
1739 939 939
1740 940 940
1741 941 941
1742 942 942
1743 943 943
1744 944 944
1745 945 945
1746 946 946
1747 947 947
1748 948 948
1749 949 949
1750 950 950
1751 951 951
1752 952 952
1753 953 953
1754 954 954
1755 955 955
1756 956 956
1757 957 957
1758 958 958
1759 959 959
1760 960 960
1761 961 961
1762 962 962
1763 963 963
1764 964 964
1765 965 965
1766 966 966
1767 967 967
1768 968 968
1769 969 969
1770 970 970
1771 971 971
1772 972 972
1773 973 973
1774 974 974
1775 975 975
1776 976 976
1777 977 977
1778 978 978
1779 979 979
1780 980 980
1781 981 981
1782 982 982
1783 983 983
1784 984 984
1785 985 985
1786 986 986
1787 987 987
1788 988 988
1789 989 989
1790 990 990
1791 991 991
1792 992 992
1793 993 993
1794 994 994
1795 995 995
1796 996 996
1797 997 997
1798 998 998
1799 999 999
1800 1000 1000
1801 1001 1001
1802 1002 1002
1803 1003 1003
1804 1004 1004
1805 1005 1005
1806 1006 1006
1807 1007 1007
1808 1008 1008
1809 1009 1009
1810 1010 1010
1811 1011 1011
1812 1012 1012
1813 1013 1013
1814 1014 1014
1815 1015 1015
1816 1016 1016
1817 1017 1017
1818 1018 1018
1819 1019 1019
1820 1020 1020
1821 1021 1021
1822 1022 1022
1823 1023 1023
1824 1024 1024
1825 1025 1025
1826 1026 1026
1827 1027 1027
1828 1028 1028
1829 1029 1029
1830 1030 1030
1831 1031 1031
1832 1032 1032
1833 1033 1033
1834 1034 1034
1835 1035 1035
1836 1036 1036
1837 1037 1037
1838 1038 1038
1839 1039 1039
1840 1040 1040
1841 1041 1041
1842 1042 1042
1843 1043 1043
1844 1044 1044
1845 1045 1045
1846 1046 1046
1847 1047 1047
1848 1048 1048
1849 1049 1049
1850 1050 1050
1851 1051 1051
1852 1052 1052
1853 1053 1053
1854 1054 1054
1855 1055 1055
1856 1056 1056
1857 1057 1057
1858 1058 1058
1859 1059 1059
1860 1060 1060
1861 1061 1061
1862 1062 1062
1863 1063 1063
1864 1064 1064
1865 1065 1065
1866 1066 1066
1867 1067 1067
1868 1068 1068
1869 1069 1069
1870 1070 1070
1871 1071 1071
1872 1072 1072
1873 1073 1073
1874 1074 1074
1875 1075 1075
1876 1076 1076
1877 1077 1077
1878 1078 1078
1879 1079 1079
1880 1080 1080
1881 1081 1081
1882 1082 1082
1883 1083 1083
1884 1084 1084
1885 1085 1085
1886 1086 1086
1887 1087 1087
1888 1088 1088
1889 1089 1089
1890 1090 1090
1891 1091 1091
1892 1092 1092
1893 1093 1093
1894 1094 1094
1895 1095 1095
1896 1096 1096
1897 1097 1097
1898 1098 1098
1899 1099 1099
1900 1100 1100
1901 1101 1101
1902 1102 1102
1903 1103 1103
1904 1104 1104
1905 1105 1105
1906 1106 1106
1907 1107 1107
1908 1108 1108
1909 1109 1109
1910 1110 1110
1911 1111 1111
1912 1112 1112
1913 1113 1113
1914 1114 1114
1915 1115 1115
1916 1116 1116
1917 1117 1117
1918 1118 1118
1919 1119 1119
1920 1120 1120
1921 1121 1121
1922 1122 1122
1923 1123 1123
1924 1124 1124
1925 1125 1125
1926 1126 1126
1927 1127 1127
1928 1128 1128
1929 1129 1129
1930 1130 1130
1931 1131 1131
1932 1132 1132
1933 1133 1133
1934 1134 1134
1935 1135 1135
1936 1136 1136
1937 1137 1137
1938 1138 1138
1939 1139 1139
1940 1140 1140
1941 1141 1141
1942 1142 1142
1943 1143 1143
1944 1144 1144
1945 1145 1145
1946 1146 1146
1947 1147 1147
1948 1148 1148
1949 1149 1149
1950 1150 1150
1951 1151 1151
1952 1152 1152
1953 1153 1153
1954 1154 1154
1955 1155 1155
1956 1156 1156
1957 1157 1157
1958 1158 1158
1959 1159 1159
1960 1160 1160
1961 1161 1161
1962 1162 1162
1963 1163 1163
1964 1164 1164
1965 1165 1165
1966 1166 1166
1967 1167 1167
1968 1168 1168
1969 1169 1169
1970 1170 1170
1971 1171 1171
1972 1172 1172
1973 1173 1173
1974 1174 1174
1975 1175 1175
1976 1176 1176
1977 1177 1177
1978 1178 1178
1979 1179 1179
1980 1180 1180
1981 1181 1181
1982 1182 1182
1983 1183 1183
1984 1184 1184
1985 1185 1185
1986 1186 1186
1987 1187 1187
1988 1188 1188
1989 1189 1189
1990 1190 1190
1991 1191 1191
1992 1192 1192
1993 1193 1193
1994 1194 1194
1995 1195 1195
1996 1196 1196
1997 1197 1197
1998 1198 1198
1999 1199 1199
2000 1200 1200
2001 1201 1201
2002 1202 1202
2003 1203 1203
2004 1204 1204
2005 1205 1205
2006 1206 1206
2007 1207 1207
2008 1208 1208
2009 1209 1209
2010 1210 1210
2011 1211 1211
2012 1212 1212
2013 1213 1213
2014 1214 1214
2015 1215 1215
2016 1216 1216
2017 1217 1217
2018 1218 1218
2019 1219 1219
2020 1220 1220
2021 1221 1221
2022 1222 1222
2023 1223 1223
2024 1224 1224
2025 1225 1225
2026 1226 1226
2027 1227 1227
2028 1228 1228
2029 1229 1229
2030 1230 1230
2031 1231 1231
2032 1232 1232
2033 1233 1233
2034 1234 1234
2035 1235 1235
2036 1236 1236
2037 1237 1237
2038 1238 1238
2039 1239 1239
2040 1240 1240
2041 1241 1241
2042 1242 1242
2043 1243 1243
2044 1244 1244
2045 1245 1245
2046 1246 1246
2047 1247 1247
2048 1248 1248
2049 1249 1249
2050 1250 1250
2051 1251 1251
2052 1252 1252
2053 1253 1253
2054 1254 1254
2055 1255 1255
2056 1256 1256
2057 1257 1257
2058 1258 1258
2059 1259 1259
2060 1260 1260
2061 1261 1261
2062 1262 1262
2063 1263 1263
2064 1264 1264
2065 1265 1265
2066 1266 1266
2067 1267 1267
2068 1268 1268
2069 1269 1269
2070 1270 1270
2071 1271 1271
2072 1272 1272
2073 1273 1273
2074 1274 1274
2075 1275 1275
2076 1276 1276
2077 1277 1277
2078 1278 1278
2079 1279 1279
2080 1280 1280
2081 1281 1281
2082 1282 1282
2083 1283 1283
2084 1284 1284
2085 1285 1285
2086 1286 1286
2087 1287 1287
2088 1288 1288
2089 1289 1289
2090 1290 1290
2091 1291 1291
