1 0 0
2 0 0
3 0 0
4 0 0
5 0 0
6 0 0
7 0 0
8 0 0
9 0 0
10 0 0
11 0 0
12 0 0
13 0 0
14 0 0
15 0 0
16 0 0
17 0 0
18 0 0
19 0 0
20 0 0
21 0 0
22 0 0
23 0 0
24 0 0
25 0 0
26 0 0
27 0 0
28 0 0
29 0 0
30 0 0
31 0 0
32 0 0
33 0 0
34 0 0
35 0 0
36 0 0
37 0 0
38 0 0
39 0 0
40 0 0
41 0 0
42 0 0
43 0 0
44 0 0
45 0 0
46 0 0
47 0 0
48 0 0
49 0 0
50 0 0
51 0 0
52 0 0
53 0 0
54 0 0
55 0 0
56 0 0
57 0 0
58 0 0
59 0 0
60 0 0
61 0 0
62 0 0
63 0 0
64 0 0
65 0 0
66 0 0
67 0 0
68 0 0
69 0 0
70 0 0
71 0 0
72 0 0
73 0 0
74 0 0
75 0 0
76 0 0
77 0 0
78 0 0
79 0 0
80 0 0
81 0 0
82 0 0
83 0 0
84 0 0
85 0 0
86 0 0
87 0 0
88 0 0
89 0 0
90 0 0
91 0 0
92 0 0
93 0 0
94 0 0
95 0 0
96 0 0
97 0 0
98 0 0
99 0 0
100 0 0
101 0 0
102 0 0
103 0 0
104 0 0
105 0 0
106 0 0
107 0 0
108 0 0
109 0 0
110 0 0
111 0 0
112 0 0
113 0 0
114 0 0
115 0 0
116 0 0
117 0 0
118 0 0
119 0 0
120 0 0
121 0 0
122 0 0
123 0 0
124 0 0
125 0 0
126 0 0
127 0 0
128 0 0
129 0 0
130 0 0
131 0 0
132 0 0
133 0 0
134 0 0
135 0 0
136 0 0
137 0 0
138 0 0
139 0 0
140 0 0
141 0 0
142 0 0
143 0 0
144 0 0
145 0 0
146 0 0
147 0 0
148 0 0
149 0 0
150 0 0
151 0 0
152 0 0
153 0 0
154 0 0
155 0 0
156 0 0
157 0 0
158 0 0
159 0 0
160 0 0
161 0 0
162 0 0
163 0 0
164 0 0
165 0 0
166 0 0
167 0 0
168 0 0
169 0 0
170 0 0
171 0 0
172 0 0
173 0 0
174 0 0
175 0 0
176 0 0
177 0 0
178 0 0
179 0 0
180 0 0
181 0 0
182 0 0
183 0 0
184 0 0
185 0 0
186 0 0
187 0 0
188 0 0
189 0 0
190 0 0
191 0 0
192 0 0
193 0 0
194 0 0
195 0 0
196 0 0
197 0 0
198 0 0
199 0 0
200 0 0
201 0 0
202 0 0
203 0 0
204 0 0
205 0 0
206 0 0
207 0 0
208 0 0
209 0 0
210 0 0
211 0 0
212 0 0
213 0 0
214 0 0
215 0 0
216 0 0
217 0 0
218 0 0
219 0 0
220 0 0
221 0 0
222 0 0
223 0 0
224 0 0
225 0 0
226 0 0
227 0 0
228 0 0
229 0 0
230 0 0
231 0 0
232 0 0
233 0 0
234 0 0
235 0 0
236 0 0
237 0 0
238 0 0
239 0 0
240 0 0
241 0 0
242 0 0
243 0 0
244 0 0
245 0 0
246 0 0
247 0 0
248 0 0
249 0 0
250 0 0
251 0 0
252 0 0
253 0 0
254 0 0
255 0 0
256 0 0
257 0 0
258 0 0
259 0 0
260 0 0
261 0 0
262 0 0
263 0 0
264 0 0
265 0 0
266 0 0
267 0 0
268 0 0
269 0 0
270 0 0
271 0 0
272 0 0
273 0 0
274 0 0
275 0 0
276 0 0
277 0 0
278 0 0
279 0 0
280 0 0
281 0 0
282 0 0
283 0 0
284 0 0
285 0 0
286 0 0
287 0 0
288 0 0
289 0 0
290 0 0
291 0 0
292 0 0
293 0 0
294 0 0
295 0 0
296 0 0
297 0 0
298 0 0
299 0 0
300 0 0
301 0 0
302 0 0
303 0 0
304 0 0
305 0 0
306 0 0
307 0 0
308 0 0
309 0 0
310 0 0
311 0 0
312 0 0
313 0 0
314 0 0
315 0 0
316 0 0
317 0 0
318 0 0
319 0 0
320 0 0
321 0 0
322 0 0
323 0 0
324 0 0
325 0 0
326 0 0
327 0 0
328 0 0
329 0 0
330 0 0
331 0 0
332 0 0
333 0 0
334 0 0
335 0 0
336 0 0
337 0 0
338 0 0
339 0 0
340 0 0
341 0 0
342 0 0
343 0 0
344 0 0
345 0 0
346 0 0
347 0 0
348 0 0
349 0 0
350 0 0
351 0 0
352 0 0
353 0 0
354 0 0
355 0 0
356 0 0
357 0 0
358 0 0
359 0 0
360 0 0
361 0 0
362 0 0
363 0 0
364 0 0
365 0 0
366 0 0
367 0 0
368 0 0
369 0 0
370 0 0
371 0 0
372 0 0
373 0 0
374 0 0
375 0 0
376 0 0
377 0 0
378 0 0
379 0 0
380 0 0
381 0 0
382 0 0
383 0 0
384 0 0
385 0 0
386 0 0
387 0 0
388 0 0
389 0 0
390 0 0
391 0 0
392 0 0
393 0 0
394 0 0
395 0 0
396 0 0
397 0 0
398 0 0
399 0 0
400 0 0
401 0 0
402 0 0
403 0 0
404 0 0
405 0 0
406 0 0
407 0 0
408 0 0
409 0 0
410 0 0
411 0 0
412 0 0
413 0 0
414 0 0
415 0 0
416 0 0
417 0 0
418 0 0
419 0 0
420 0 0
421 0 0
422 0 0
423 0 0
424 0 0
425 0 0
426 0 0
427 0 0
428 0 0
429 0 0
430 0 0
431 0 0
432 0 0
433 0 0
434 0 0
435 0 0
436 0 0
437 0 0
438 0 0
439 0 0
440 0 0
441 0 0
442 0 0
443 0 0
444 0 0
445 0 0
446 0 0
447 0 0
448 0 0
449 0 0
450 0 0
451 0 0
452 120 128
453 395 365
454 338 307
455 182 207
456 84 306
457 59 11
458 27 123
459 225 443
460 67 289
461 255 208
462 162 259
463 255 294
464 302 437
465 422 153
466 441 59
467 131 202
468 383 84
469 448 229
470 143 225
471 335 396
472 452 452
473 452 452
474 452 452
475 452 452
476 452 452
477 452 452
478 452 452
479 452 452
480 452 452
481 452 452
482 452 452
483 452 452
484 452 452
485 452 452
486 452 452
487 452 452
488 452 452
489 452 452
490 452 452
491 452 452
492 452 452
493 452 452
494 452 452
495 452 452
496 452 452
497 452 452
498 452 452
499 452 452
500 452 452
501 452 452
502 452 452
503 452 452
504 452 452
505 452 452
506 452 452
507 452 452
508 452 452
509 452 452
510 452 452
511 452 452
512 453 453
513 453 453
514 453 453
515 453 453
516 453 453
517 453 453
518 453 453
519 453 453
520 453 453
521 453 453
522 453 453
523 453 453
524 453 453
525 453 453
526 453 453
527 453 453
528 453 453
529 453 453
530 453 453
531 453 453
532 453 453
533 453 453
534 453 453
535 453 453
536 453 453
537 453 453
538 453 453
539 453 453
540 453 453
541 453 453
542 453 453
543 453 453
544 453 453
545 453 453
546 453 453
547 453 453
548 453 453
549 453 453
550 453 453
551 453 453
552 454 454
553 454 454
554 454 454
555 454 454
556 454 454
557 454 454
558 454 454
559 454 454
560 454 454
561 454 454
562 454 454
563 454 454
564 454 454
565 454 454
566 454 454
567 454 454
568 454 454
569 454 454
570 454 454
571 454 454
572 454 454
573 454 454
574 454 454
575 454 454
576 454 454
577 454 454
578 454 454
579 454 454
580 454 454
581 454 454
582 454 454
583 454 454
584 454 454
585 454 454
586 454 454
587 454 454
588 454 454
589 454 454
590 454 454
591 454 454
592 455 455
593 455 455
594 455 455
595 455 455
596 455 455
597 455 455
598 455 455
599 455 455
600 455 455
601 455 455
602 455 455
603 455 455
604 455 455
605 455 455
606 455 455
607 455 455
608 455 455
609 455 455
610 455 455
611 455 455
612 455 455
613 455 455
614 455 455
615 455 455
616 455 455
617 455 455
618 455 455
619 455 455
620 455 455
621 455 455
622 455 455
623 455 455
624 455 455
625 455 455
626 455 455
627 455 455
628 455 455
629 455 455
630 455 455
631 455 455
632 456 456
633 456 456
634 456 456
635 456 456
636 456 456
637 456 456
638 456 456
639 456 456
640 456 456
641 456 456
642 456 456
643 456 456
644 456 456
645 456 456
646 456 456
647 456 456
648 456 456
649 456 456
650 456 456
651 456 456
652 456 456
653 456 456
654 456 456
655 456 456
656 456 456
657 456 456
658 456 456
659 456 456
660 456 456
661 456 456
662 456 456
663 456 456
664 456 456
665 456 456
666 456 456
667 456 456
668 456 456
669 456 456
670 456 456
671 456 456
672 457 457
673 457 457
674 457 457
675 457 457
676 457 457
677 457 457
678 457 457
679 457 457
680 457 457
681 457 457
682 457 457
683 457 457
684 457 457
685 457 457
686 457 457
687 457 457
688 457 457
689 457 457
690 457 457
691 457 457
692 457 457
693 457 457
694 457 457
695 457 457
696 457 457
697 457 457
698 457 457
699 457 457
700 457 457
701 457 457
702 457 457
703 457 457
704 457 457
705 457 457
706 457 457
707 457 457
708 457 457
709 457 457
710 457 457
711 457 457
712 458 458
713 458 458
714 458 458
715 458 458
716 458 458
717 458 458
718 458 458
719 458 458
720 458 458
721 458 458
722 458 458
723 458 458
724 458 458
725 458 458
726 458 458
727 458 458
728 458 458
729 458 458
730 458 458
731 458 458
732 458 458
733 458 458
734 458 458
735 458 458
736 458 458
737 458 458
738 458 458
739 458 458
740 458 458
741 458 458
742 458 458
743 458 458
744 458 458
745 458 458
746 458 458
747 458 458
748 458 458
749 458 458
750 458 458
751 458 458
752 459 459
753 459 459
754 459 459
755 459 459
756 459 459
757 459 459
758 459 459
759 459 459
760 459 459
761 459 459
762 459 459
763 459 459
764 459 459
765 459 459
766 459 459
767 459 459
768 459 459
769 459 459
770 459 459
771 459 459
772 459 459
773 459 459
774 459 459
775 459 459
776 459 459
777 459 459
778 459 459
779 459 459
780 459 459
781 459 459
782 459 459
783 459 459
784 459 459
785 459 459
786 459 459
787 459 459
788 459 459
789 459 459
790 459 459
791 459 459
792 460 460
793 460 460
794 460 460
795 460 460
796 460 460
797 460 460
798 460 460
799 460 460
800 460 460
801 460 460
802 460 460
803 460 460
804 460 460
805 460 460
806 460 460
807 460 460
808 460 460
809 460 460
810 460 460
811 460 460
812 460 460
813 460 460
814 460 460
815 460 460
816 460 460
817 460 460
818 460 460
819 460 460
820 460 460
821 460 460
822 460 460
823 460 460
824 460 460
825 460 460
826 460 460
827 460 460
828 460 460
829 460 460
830 460 460
831 460 460
832 461 461
833 461 461
834 461 461
835 461 461
836 461 461
837 461 461
838 461 461
839 461 461
840 461 461
841 461 461
842 461 461
843 461 461
844 461 461
845 461 461
846 461 461
847 461 461
848 461 461
849 461 461
850 461 461
851 461 461
852 461 461
853 461 461
854 461 461
855 461 461
856 461 461
857 461 461
858 461 461
859 461 461
860 461 461
861 461 461
862 461 461
863 461 461
864 461 461
865 461 461
866 461 461
867 461 461
868 461 461
869 461 461
870 461 461
871 461 461
872 462 462
873 462 462
874 462 462
875 462 462
876 462 462
877 462 462
878 462 462
879 462 462
880 462 462
881 462 462
882 462 462
883 462 462
884 462 462
885 462 462
886 462 462
887 462 462
888 462 462
889 462 462
890 462 462
891 462 462
892 462 462
893 462 462
894 462 462
895 462 462
896 462 462
897 462 462
898 462 462
899 462 462
900 462 462
901 462 462
902 462 462
903 462 462
904 462 462
905 462 462
906 462 462
907 462 462
908 462 462
909 462 462
910 462 462
911 462 462
912 463 463
913 463 463
914 463 463
915 463 463
916 463 463
917 463 463
918 463 463
919 463 463
920 463 463
921 463 463
922 463 463
923 463 463
924 463 463
925 463 463
926 463 463
927 463 463
928 463 463
929 463 463
930 463 463
931 463 463
932 463 463
933 463 463
934 463 463
935 463 463
936 463 463
937 463 463
938 463 463
939 463 463
940 463 463
941 463 463
942 463 463
943 463 463
944 463 463
945 463 463
946 463 463
947 463 463
948 463 463
949 463 463
950 463 463
951 463 463
952 464 464
953 464 464
954 464 464
955 464 464
956 464 464
957 464 464
958 464 464
959 464 464
960 464 464
961 464 464
962 464 464
963 464 464
964 464 464
965 464 464
966 464 464
967 464 464
968 464 464
969 464 464
970 464 464
971 464 464
972 464 464
973 464 464
974 464 464
975 464 464
976 464 464
977 464 464
978 464 464
979 464 464
980 464 464
981 464 464
982 464 464
983 464 464
984 464 464
985 464 464
986 464 464
987 464 464
988 464 464
989 464 464
990 464 464
991 464 464
992 465 465
993 465 465
994 465 465
995 465 465
996 465 465
997 465 465
998 465 465
999 465 465
1000 465 465
1001 465 465
1002 465 465
1003 465 465
1004 465 465
1005 465 465
1006 465 465
1007 465 465
1008 465 465
1009 465 465
1010 465 465
1011 465 465
1012 465 465
1013 465 465
1014 465 465
1015 465 465
1016 465 465
1017 465 465
1018 465 465
1019 465 465
1020 465 465
1021 465 465
1022 465 465
1023 465 465
1024 465 465
1025 465 465
1026 465 465
1027 465 465
1028 465 465
1029 465 465
1030 465 465
1031 465 465
1032 466 466
1033 466 466
1034 466 466
1035 466 466
1036 466 466
1037 466 466
1038 466 466
1039 466 466
1040 466 466
1041 466 466
1042 466 466
1043 466 466
1044 466 466
1045 466 466
1046 466 466
1047 466 466
1048 466 466
1049 466 466
1050 466 466
1051 466 466
1052 466 466
1053 466 466
1054 466 466
1055 466 466
1056 466 466
1057 466 466
1058 466 466
1059 466 466
1060 466 466
1061 466 466
1062 466 466
1063 466 466
1064 466 466
1065 466 466
1066 466 466
1067 466 466
1068 466 466
1069 466 466
1070 466 466
1071 466 466
1072 467 467
1073 467 467
1074 467 467
1075 467 467
1076 467 467
1077 467 467
1078 467 467
1079 467 467
1080 467 467
1081 467 467
1082 467 467
1083 467 467
1084 467 467
1085 467 467
1086 467 467
1087 467 467
1088 467 467
1089 467 467
1090 467 467
1091 467 467
1092 467 467
1093 467 467
1094 467 467
1095 467 467
1096 467 467
1097 467 467
1098 467 467
1099 467 467
1100 467 467
1101 467 467
1102 467 467
1103 467 467
1104 467 467
1105 467 467
1106 467 467
1107 467 467
1108 467 467
1109 467 467
1110 467 467
1111 467 467
1112 468 468
1113 468 468
1114 468 468
1115 468 468
1116 468 468
1117 468 468
1118 468 468
1119 468 468
1120 468 468
1121 468 468
1122 468 468
1123 468 468
1124 468 468
1125 468 468
1126 468 468
1127 468 468
1128 468 468
1129 468 468
1130 468 468
1131 468 468
1132 468 468
1133 468 468
1134 468 468
1135 468 468
1136 468 468
1137 468 468
1138 468 468
1139 468 468
1140 468 468
1141 468 468
1142 468 468
1143 468 468
1144 468 468
1145 468 468
1146 468 468
1147 468 468
1148 468 468
1149 468 468
1150 468 468
1151 468 468
1152 469 469
1153 469 469
1154 469 469
1155 469 469
1156 469 469
1157 469 469
1158 469 469
1159 469 469
1160 469 469
1161 469 469
1162 469 469
1163 469 469
1164 469 469
1165 469 469
1166 469 469
1167 469 469
1168 469 469
1169 469 469
1170 469 469
1171 469 469
1172 469 469
1173 469 469
1174 469 469
1175 469 469
1176 469 469
1177 469 469
1178 469 469
1179 469 469
1180 469 469
1181 469 469
1182 469 469
1183 469 469
1184 469 469
1185 469 469
1186 469 469
1187 469 469
1188 469 469
1189 469 469
1190 469 469
1191 469 469
1192 470 470
1193 470 470
1194 470 470
1195 470 470
1196 470 470
1197 470 470
1198 470 470
1199 470 470
1200 470 470
1201 470 470
1202 470 470
1203 470 470
1204 470 470
1205 470 470
1206 470 470
1207 470 470
1208 470 470
1209 470 470
1210 470 470
1211 470 470
1212 470 470
1213 470 470
1214 470 470
1215 470 470
1216 470 470
1217 470 470
1218 470 470
1219 470 470
1220 470 470
1221 470 470
1222 470 470
1223 470 470
1224 470 470
1225 470 470
1226 470 470
1227 470 470
1228 470 470
1229 470 470
1230 470 470
1231 470 470
1232 471 471
1233 471 471
1234 471 471
1235 471 471
1236 471 471
1237 471 471
1238 471 471
1239 471 471
1240 471 471
1241 471 471
1242 471 471
1243 471 471
1244 471 471
1245 471 471
1246 471 471
1247 471 471
1248 471 471
1249 471 471
1250 471 471
1251 471 471
1252 471 471
1253 471 471
1254 471 471
1255 471 471
1256 471 471
1257 471 471
1258 471 471
1259 471 471
1260 471 471
1261 471 471
1262 471 471
1263 471 471
1264 471 471
1265 471 471
1266 471 471
1267 471 471
1268 471 471
1269 471 471
1270 471 471
1271 471 471
1272 472 472
1273 473 473
1274 474 474
1275 475 475
1276 476 476
1277 477 477
1278 478 478
1279 479 479
1280 480 480
1281 481 481
1282 482 482
1283 483 483
1284 484 484
1285 485 485
1286 486 486
1287 487 487
1288 488 488
1289 489 489
1290 490 490
1291 491 491
1292 492 492
1293 493 493
1294 494 494
1295 495 495
1296 496 496
1297 497 497
1298 498 498
1299 499 499
1300 500 500
1301 501 501
1302 502 502
1303 503 503
1304 504 504
1305 505 505
1306 506 506
1307 507 507
1308 508 508
1309 509 509
1310 510 510
1311 511 511
1312 512 512
1313 513 513
1314 514 514
1315 515 515
1316 516 516
1317 517 517
1318 518 518
1319 519 519
1320 520 520
1321 521 521
1322 522 522
1323 523 523
1324 524 524
1325 525 525
1326 526 526
1327 527 527
1328 528 528
1329 529 529
1330 530 530
1331 531 531
1332 532 532
1333 533 533
1334 534 534
1335 535 535
1336 536 536
1337 537 537
1338 538 538
1339 539 539
1340 540 540
1341 541 541
1342 542 542
1343 543 543
1344 544 544
1345 545 545
1346 546 546
1347 547 547
1348 548 548
1349 549 549
1350 550 550
1351 551 551
1352 552 552
1353 553 553
1354 554 554
1355 555 555
1356 556 556
1357 557 557
1358 558 558
1359 559 559
1360 560 560
1361 561 561
1362 562 562
1363 563 563
1364 564 564
1365 565 565
1366 566 566
1367 567 567
1368 568 568
1369 569 569
1370 570 570
1371 571 571
1372 572 572
1373 573 573
1374 574 574
1375 575 575
1376 576 576
1377 577 577
1378 578 578
1379 579 579
1380 580 580
1381 581 581
1382 582 582
1383 583 583
1384 584 584
1385 585 585
1386 586 586
1387 587 587
1388 588 588
1389 589 589
1390 590 590
1391 591 591
1392 592 592
1393 593 593
1394 594 594
1395 595 595
1396 596 596
1397 597 597
1398 598 598
1399 599 599
1400 600 600
1401 601 601
1402 602 602
1403 603 603
1404 604 604
1405 605 605
1406 606 606
1407 607 607
1408 608 608
1409 609 609
1410 610 610
1411 611 611
1412 612 612
1413 613 613
1414 614 614
1415 615 615
1416 616 616
1417 617 617
1418 618 618
1419 619 619
1420 620 620
1421 621 621
1422 622 622
1423 623 623
1424 624 624
1425 625 625
1426 626 626
1427 627 627
1428 628 628
1429 629 629
1430 630 630
1431 631 631
1432 632 632
1433 633 633
1434 634 634
1435 635 635
1436 636 636
1437 637 637
1438 638 638
1439 639 639
1440 640 640
1441 641 641
1442 642 642
1443 643 643
1444 644 644
1445 645 645
1446 646 646
1447 647 647
1448 648 648
1449 649 649
1450 650 650
1451 651 651
1452 652 652
1453 653 653
1454 654 654
1455 655 655
1456 656 656
1457 657 657
1458 658 658
1459 659 659
1460 660 660
1461 661 661
1462 662 662
1463 663 663
1464 664 664
1465 665 665
1466 666 666
1467 667 667
1468 668 668
1469 669 669
1470 670 670
1471 671 671
1472 672 672
1473 673 673
1474 674 674
1475 675 675
1476 676 676
1477 677 677
1478 678 678
1479 679 679
1480 680 680
1481 681 681
1482 682 682
1483 683 683
1484 684 684
1485 685 685
1486 686 686
1487 687 687
1488 688 688
1489 689 689
1490 690 690
1491 691 691
1492 692 692
1493 693 693
1494 694 694
1495 695 695
1496 696 696
1497 697 697
1498 698 698
1499 699 699
1500 700 700
1501 701 701
1502 702 702
1503 703 703
1504 704 704
1505 705 705
1506 706 706
1507 707 707
1508 708 708
1509 709 709
1510 710 710
1511 711 711
1512 712 712
1513 713 713
1514 714 714
1515 715 715
1516 716 716
1517 717 717
1518 718 718
1519 719 719
1520 720 720
1521 721 721
1522 722 722
1523 723 723
1524 724 724
1525 725 725
1526 726 726
1527 727 727
1528 728 728
1529 729 729
1530 730 730
1531 731 731
1532 732 732
1533 733 733
1534 734 734
1535 735 735
1536 736 736
1537 737 737
1538 738 738
1539 739 739
1540 740 740
1541 741 741
1542 742 742
1543 743 743
1544 744 744
1545 745 745
1546 746 746
1547 747 747
1548 748 748
1549 749 749
1550 750 750
1551 751 751
1552 752 752
1553 753 753
1554 754 754
1555 755 755
1556 756 756
1557 757 757
1558 758 758
1559 759 759
1560 760 760
1561 761 761
1562 762 762
1563 763 763
1564 764 764
1565 765 765
1566 766 766
1567 767 767
1568 768 768
1569 769 769
1570 770 770
1571 771 771
1572 772 772
1573 773 773
1574 774 774
1575 775 775
1576 776 776
1577 777 777
1578 778 778
1579 779 779
1580 780 780
1581 781 781
1582 782 782
1583 783 783
1584 784 784
1585 785 785
1586 786 786
1587 787 787
1588 788 788
1589 789 789
1590 790 790
1591 791 791
1592 792 792
1593 793 793
1594 794 794
1595 795 795
1596 796 796
1597 797 797
1598 798 798
1599 799 799
1600 800 800
1601 801 801
1602 802 802
1603 803 803
1604 804 804
1605 805 805
1606 806 806
1607 807 807
1608 808 808
1609 809 809
1610 810 810
1611 811 811
1612 812 812
1613 813 813
1614 814 814
1615 815 815
1616 816 816
1617 817 817
1618 818 818
1619 819 819
1620 820 820
1621 821 821
1622 822 822
1623 823 823
1624 824 824
1625 825 825
1626 826 826
1627 827 827
1628 828 828
1629 829 829
1630 830 830
1631 831 831
1632 832 832
1633 833 833
1634 834 834
1635 835 835
1636 836 836
1637 837 837
1638 838 838
1639 839 839
1640 840 840
1641 841 841
1642 842 842
1643 843 843
1644 844 844
1645 845 845
1646 846 846
1647 847 847
1648 848 848
1649 849 849
1650 850 850
1651 851 851
1652 852 852
1653 853 853
1654 854 854
1655 855 855
1656 856 856
1657 857 857
1658 858 858
1659 859 859
1660 860 860
1661 861 861
1662 862 862
1663 863 863
1664 864 864
1665 865 865
1666 866 866
1667 867 867
1668 868 868
1669 869 869
1670 870 870
1671 871 871
1672 872 872
1673 873 873
1674 874 874
1675 875 875
1676 876 876
1677 877 877
1678 878 878
1679 879 879
1680 880 880
1681 881 881
1682 882 882
1683 883 883
1684 884 884
1685 885 885
1686 886 886
1687 887 887
1688 888 888
1689 889 889
1690 890 890
1691 891 891
1692 892 892
1693 893 893
1694 894 894
1695 895 895
1696 896 896
1697 897 897
1698 898 898
1699 899 899
1700 900 900
1701 901 901
1702 902 902
1703 903 903
1704 904 904
1705 905 905
1706 906 906
1707 907 907
1708 908 908
1709 909 909
1710 910 910
1711 911 911
1712 912 912
1713 913 913
1714 914 914
1715 915 915
1716 916 916
1717 917 917
1718 918 918
1719 919 919
1720 920 920
1721 921 921
1722 922 922
1723 923 923
1724 924 924
1725 925 925
1726 926 926
1727 927 927
1728 928 928
1729 929 929
1730 930 930
1731 931 931
1732 932 932
1733 933 933
1734 934 934
1735 935 935
1736 936 936
1737 937 937
1738 938 938
1739 939 939
1740 940 940
1741 941 941
1742 942 942
1743 943 943
1744 944 944
1745 945 945
1746 946 946
1747 947 947
1748 948 948
1749 949 949
1750 950 950
1751 951 951
1752 952 952
1753 953 953
1754 954 954
1755 955 955
1756 956 956
1757 957 957
1758 958 958
1759 959 959
1760 960 960
1761 961 961
1762 962 962
1763 963 963
1764 964 964
1765 965 965
1766 966 966
1767 967 967
1768 968 968
1769 969 969
1770 970 970
1771 971 971
1772 972 972
1773 973 973
1774 974 974
1775 975 975
1776 976 976
1777 977 977
1778 978 978
1779 979 979
1780 980 980
1781 981 981
1782 982 982
1783 983 983
1784 984 984
1785 985 985
1786 986 986
1787 987 987
1788 988 988
1789 989 989
1790 990 990
1791 991 991
1792 992 992
1793 993 993
1794 994 994
1795 995 995
1796 996 996
1797 997 997
1798 998 998
1799 999 999
1800 1000 1000
1801 1001 1001
1802 1002 1002
1803 1003 1003
1804 1004 1004
1805 1005 1005
1806 1006 1006
1807 1007 1007
1808 1008 1008
1809 1009 1009
1810 1010 1010
1811 1011 1011
1812 1012 1012
1813 1013 1013
1814 1014 1014
1815 1015 1015
1816 1016 1016
1817 1017 1017
1818 1018 1018
1819 1019 1019
1820 1020 1020
1821 1021 1021
1822 1022 1022
1823 1023 1023
1824 1024 1024
1825 1025 1025
1826 1026 1026
1827 1027 1027
1828 1028 1028
1829 1029 1029
1830 1030 1030
1831 1031 1031
1832 1032 1032
1833 1033 1033
1834 1034 1034
1835 1035 1035
1836 1036 1036
1837 1037 1037
1838 1038 1038
1839 1039 1039
1840 1040 1040
1841 1041 1041
1842 1042 1042
1843 1043 1043
1844 1044 1044
1845 1045 1045
1846 1046 1046
1847 1047 1047
1848 1048 1048
1849 1049 1049
1850 1050 1050
1851 1051 1051
1852 1052 1052
1853 1053 1053
1854 1054 1054
1855 1055 1055
1856 1056 1056
1857 1057 1057
1858 1058 1058
1859 1059 1059
1860 1060 1060
1861 1061 1061
1862 1062 1062
1863 1063 1063
1864 1064 1064
1865 1065 1065
1866 1066 1066
1867 1067 1067
1868 1068 1068
1869 1069 1069
1870 1070 1070
1871 1071 1071
1872 1072 1072
1873 1073 1073
1874 1074 1074
1875 1075 1075
1876 1076 1076
1877 1077 1077
1878 1078 1078
1879 1079 1079
1880 1080 1080
1881 1081 1081
1882 1082 1082
1883 1083 1083
1884 1084 1084
1885 1085 1085
1886 1086 1086
1887 1087 1087
1888 1088 1088
1889 1089 1089
1890 1090 1090
1891 1091 1091
1892 1092 1092
1893 1093 1093
1894 1094 1094
1895 1095 1095
1896 1096 1096
1897 1097 1097
1898 1098 1098
1899 1099 1099
1900 1100 1100
1901 1101 1101
1902 1102 1102
1903 1103 1103
1904 1104 1104
1905 1105 1105
1906 1106 1106
1907 1107 1107
1908 1108 1108
1909 1109 1109
1910 1110 1110
1911 1111 1111
1912 1112 1112
1913 1113 1113
1914 1114 1114
1915 1115 1115
1916 1116 1116
1917 1117 1117
1918 1118 1118
1919 1119 1119
1920 1120 1120
1921 1121 1121
1922 1122 1122
1923 1123 1123
1924 1124 1124
1925 1125 1125
1926 1126 1126
1927 1127 1127
1928 1128 1128
1929 1129 1129
1930 1130 1130
1931 1131 1131
1932 1132 1132
1933 1133 1133
1934 1134 1134
1935 1135 1135
1936 1136 1136
1937 1137 1137
1938 1138 1138
1939 1139 1139
1940 1140 1140
1941 1141 1141
1942 1142 1142
1943 1143 1143
1944 1144 1144
1945 1145 1145
1946 1146 1146
1947 1147 1147
1948 1148 1148
1949 1149 1149
1950 1150 1150
1951 1151 1151
1952 1152 1152
1953 1153 1153
1954 1154 1154
1955 1155 1155
1956 1156 1156
1957 1157 1157
1958 1158 1158
1959 1159 1159
1960 1160 1160
1961 1161 1161
1962 1162 1162
1963 1163 1163
1964 1164 1164
1965 1165 1165
1966 1166 1166
1967 1167 1167
1968 1168 1168
1969 1169 1169
1970 1170 1170
1971 1171 1171
1972 1172 1172
1973 1173 1173
1974 1174 1174
1975 1175 1175
1976 1176 1176
1977 1177 1177
1978 1178 1178
1979 1179 1179
1980 1180 1180
1981 1181 1181
1982 1182 1182
1983 1183 1183
1984 1184 1184
1985 1185 1185
1986 1186 1186
1987 1187 1187
1988 1188 1188
1989 1189 1189
1990 1190 1190
1991 1191 1191
1992 1192 1192
1993 1193 1193
1994 1194 1194
1995 1195 1195
1996 1196 1196
1997 1197 1197
1998 1198 1198
1999 1199 1199
2000 1200 1200
2001 1201 1201
2002 1202 1202
2003 1203 1203
2004 1204 1204
2005 1205 1205
2006 1206 1206
2007 1207 1207
2008 1208 1208
2009 1209 1209
2010 1210 1210
2011 1211 1211
2012 1212 1212
2013 1213 1213
2014 1214 1214
2015 1215 1215
2016 1216 1216
2017 1217 1217
2018 1218 1218
2019 1219 1219
2020 1220 1220
2021 1221 1221
2022 1222 1222
2023 1223 1223
2024 1224 1224
2025 1225 1225
2026 1226 1226
2027 1227 1227
2028 1228 1228
2029 1229 1229
2030 1230 1230
2031 1231 1231
2032 1232 1232
2033 1233 1233
2034 1234 1234
2035 1235 1235
2036 1236 1236
2037 1237 1237
2038 1238 1238
2039 1239 1239
2040 1240 1240
2041 1241 1241
2042 1242 1242
2043 1243 1243
2044 1244 1244
2045 1245 1245
2046 1246 1246
2047 1247 1247
2048 1248 1248
2049 1249 1249
2050 1250 1250
2051 1251 1251
2052 1252 1252
2053 1253 1253
2054 1254 1254
2055 1255 1255
2056 1256 1256
2057 1257 1257
2058 1258 1258
2059 1259 1259
2060 1260 1260
2061 1261 1261
2062 1262 1262
2063 1263 1263
2064 1264 1264
2065 1265 1265
2066 1266 1266
2067 1267 1267
2068 1268 1268
2069 1269 1269
2070 1270 1270
2071 1271 1271
