1 0 0
2 0 0
3 0 0
4 0 0
5 0 0
6 0 0
7 0 0
8 0 0
9 0 0
10 0 0
11 0 0
12 0 0
13 0 0
14 0 0
15 0 0
16 0 0
17 0 0
18 0 0
19 0 0
20 0 0
21 0 0
22 0 0
23 0 0
24 0 0
25 0 0
26 0 0
27 0 0
28 0 0
29 0 0
30 0 0
31 0 0
32 0 0
33 0 0
34 0 0
35 0 0
36 0 0
37 0 0
38 0 0
39 0 0
40 0 0
41 0 0
42 0 0
43 0 0
44 0 0
45 0 0
46 0 0
47 0 0
48 0 0
49 0 0
50 0 0
51 0 0
52 0 0
53 0 0
54 0 0
55 0 0
56 0 0
57 0 0
58 0 0
59 0 0
60 0 0
61 0 0
62 0 0
63 0 0
64 0 0
65 0 0
66 0 0
67 0 0
68 0 0
69 0 0
70 0 0
71 0 0
72 0 0
73 0 0
74 0 0
75 0 0
76 0 0
77 0 0
78 0 0
79 0 0
80 0 0
81 0 0
82 0 0
83 0 0
84 0 0
85 0 0
86 0 0
87 0 0
88 0 0
89 0 0
90 0 0
91 0 0
92 0 0
93 0 0
94 0 0
95 0 0
96 0 0
97 0 0
98 0 0
99 0 0
100 0 0
101 0 0
102 0 0
103 0 0
104 0 0
105 0 0
106 0 0
107 0 0
108 0 0
109 0 0
110 0 0
111 0 0
112 0 0
113 0 0
114 0 0
115 0 0
116 0 0
117 0 0
118 0 0
119 0 0
120 0 0
121 0 0
122 0 0
123 0 0
124 0 0
125 0 0
126 0 0
127 0 0
128 0 0
129 0 0
130 0 0
131 0 0
132 0 0
133 0 0
134 0 0
135 0 0
136 0 0
137 0 0
138 0 0
139 0 0
140 0 0
141 0 0
142 0 0
143 0 0
144 0 0
145 0 0
146 0 0
147 0 0
148 0 0
149 0 0
150 0 0
151 0 0
152 0 0
153 0 0
154 0 0
155 0 0
156 0 0
157 0 0
158 0 0
159 0 0
160 0 0
161 0 0
162 0 0
163 0 0
164 0 0
165 0 0
166 0 0
167 0 0
168 0 0
169 0 0
170 0 0
171 0 0
172 0 0
173 0 0
174 0 0
175 0 0
176 0 0
177 0 0
178 0 0
179 0 0
180 0 0
181 0 0
182 0 0
183 0 0
184 0 0
185 0 0
186 0 0
187 0 0
188 0 0
189 0 0
190 0 0
191 0 0
192 0 0
193 0 0
194 0 0
195 0 0
196 0 0
197 0 0
198 0 0
199 0 0
200 0 0
201 0 0
202 0 0
203 0 0
204 0 0
205 0 0
206 0 0
207 0 0
208 0 0
209 0 0
210 0 0
211 0 0
212 0 0
213 0 0
214 0 0
215 0 0
216 0 0
217 0 0
218 0 0
219 0 0
220 0 0
221 0 0
222 0 0
223 0 0
224 0 0
225 0 0
226 0 0
227 0 0
228 0 0
229 0 0
230 0 0
231 0 0
232 0 0
233 0 0
234 0 0
235 0 0
236 0 0
237 0 0
238 0 0
239 0 0
240 0 0
241 0 0
242 0 0
243 0 0
244 0 0
245 0 0
246 0 0
247 0 0
248 0 0
249 0 0
250 0 0
251 0 0
252 0 0
253 0 0
254 0 0
255 0 0
256 0 0
257 0 0
258 0 0
259 0 0
260 0 0
261 0 0
262 0 0
263 0 0
264 0 0
265 0 0
266 0 0
267 0 0
268 0 0
269 0 0
270 0 0
271 0 0
272 0 0
273 0 0
274 0 0
275 0 0
276 0 0
277 0 0
278 0 0
279 0 0
280 0 0
281 0 0
282 0 0
283 0 0
284 0 0
285 0 0
286 0 0
287 0 0
288 0 0
289 0 0
290 0 0
291 0 0
292 0 0
293 0 0
294 0 0
295 0 0
296 0 0
297 0 0
298 0 0
299 0 0
300 0 0
301 0 0
302 0 0
303 0 0
304 0 0
305 0 0
306 0 0
307 0 0
308 0 0
309 0 0
310 0 0
311 0 0
312 0 0
313 0 0
314 0 0
315 0 0
316 0 0
317 0 0
318 0 0
319 0 0
320 0 0
321 0 0
322 0 0
323 0 0
324 0 0
325 0 0
326 0 0
327 0 0
328 0 0
329 0 0
330 0 0
331 0 0
332 0 0
333 0 0
334 0 0
335 0 0
336 0 0
337 0 0
338 0 0
339 0 0
340 0 0
341 0 0
342 0 0
343 0 0
344 0 0
345 0 0
346 0 0
347 0 0
348 0 0
349 0 0
350 0 0
351 0 0
352 0 0
353 0 0
354 0 0
355 0 0
356 0 0
357 0 0
358 0 0
359 0 0
360 0 0
361 0 0
362 0 0
363 0 0
364 0 0
365 0 0
366 0 0
367 0 0
368 0 0
369 0 0
370 0 0
371 0 0
372 0 0
373 0 0
374 0 0
375 0 0
376 0 0
377 0 0
378 0 0
379 0 0
380 0 0
381 0 0
382 0 0
383 0 0
384 0 0
385 0 0
386 0 0
387 0 0
388 0 0
389 0 0
390 0 0
391 0 0
392 0 0
393 0 0
394 0 0
395 0 0
396 0 0
397 0 0
398 0 0
399 0 0
400 0 0
401 0 0
402 0 0
403 0 0
404 0 0
405 0 0
406 0 0
407 0 0
408 0 0
409 0 0
410 0 0
411 0 0
412 0 0
413 0 0
414 0 0
415 0 0
416 0 0
417 0 0
418 0 0
419 0 0
420 0 0
421 0 0
422 0 0
423 0 0
424 0 0
425 0 0
426 0 0
427 0 0
428 0 0
429 0 0
430 0 0
431 0 0
432 0 0
433 0 0
434 0 0
435 0 0
436 0 0
437 0 0
438 0 0
439 0 0
440 0 0
441 0 0
442 0 0
443 0 0
444 0 0
445 0 0
446 0 0
447 0 0
448 0 0
449 0 0
450 0 0
451 0 0
452 33 425
453 357 425
454 146 278
455 443 449
456 442 75
457 277 85
458 326 112
459 307 243
460 409 162
461 183 243
462 452 452
463 452 452
464 452 452
465 452 452
466 452 452
467 452 452
468 452 452
469 452 452
470 452 452
471 452 452
472 452 452
473 452 452
474 452 452
475 452 452
476 452 452
477 452 452
478 452 452
479 452 452
480 452 452
481 452 452
482 452 452
483 452 452
484 452 452
485 452 452
486 452 452
487 452 452
488 452 452
489 452 452
490 452 452
491 452 452
492 452 452
493 452 452
494 452 452
495 452 452
496 452 452
497 452 452
498 452 452
499 452 452
500 452 452
501 452 452
502 452 452
503 452 452
504 452 452
505 452 452
506 452 452
507 452 452
508 452 452
509 452 452
510 452 452
511 452 452
512 452 452
513 452 452
514 452 452
515 452 452
516 452 452
517 452 452
518 452 452
519 452 452
520 452 452
521 452 452
522 452 452
523 452 452
524 452 452
525 452 452
526 452 452
527 452 452
528 452 452
529 452 452
530 452 452
531 452 452
532 452 452
533 452 452
534 452 452
535 452 452
536 452 452
537 452 452
538 452 452
539 452 452
540 452 452
541 452 452
542 453 453
543 453 453
544 453 453
545 453 453
546 453 453
547 453 453
548 453 453
549 453 453
550 453 453
551 453 453
552 453 453
553 453 453
554 453 453
555 453 453
556 453 453
557 453 453
558 453 453
559 453 453
560 453 453
561 453 453
562 453 453
563 453 453
564 453 453
565 453 453
566 453 453
567 453 453
568 453 453
569 453 453
570 453 453
571 453 453
572 453 453
573 453 453
574 453 453
575 453 453
576 453 453
577 453 453
578 453 453
579 453 453
580 453 453
581 453 453
582 453 453
583 453 453
584 453 453
585 453 453
586 453 453
587 453 453
588 453 453
589 453 453
590 453 453
591 453 453
592 453 453
593 453 453
594 453 453
595 453 453
596 453 453
597 453 453
598 453 453
599 453 453
600 453 453
601 453 453
602 453 453
603 453 453
604 453 453
605 453 453
606 453 453
607 453 453
608 453 453
609 453 453
610 453 453
611 453 453
612 453 453
613 453 453
614 453 453
615 453 453
616 453 453
617 453 453
618 453 453
619 453 453
620 453 453
621 453 453
622 454 454
623 454 454
624 454 454
625 454 454
626 454 454
627 454 454
628 454 454
629 454 454
630 454 454
631 454 454
632 454 454
633 454 454
634 454 454
635 454 454
636 454 454
637 454 454
638 454 454
639 454 454
640 454 454
641 454 454
642 454 454
643 454 454
644 454 454
645 454 454
646 454 454
647 454 454
648 454 454
649 454 454
650 454 454
651 454 454
652 454 454
653 454 454
654 454 454
655 454 454
656 454 454
657 454 454
658 454 454
659 454 454
660 454 454
661 454 454
662 454 454
663 454 454
664 454 454
665 454 454
666 454 454
667 454 454
668 454 454
669 454 454
670 454 454
671 454 454
672 454 454
673 454 454
674 454 454
675 454 454
676 454 454
677 454 454
678 454 454
679 454 454
680 454 454
681 454 454
682 454 454
683 454 454
684 454 454
685 454 454
686 454 454
687 454 454
688 454 454
689 454 454
690 454 454
691 454 454
692 454 454
693 454 454
694 454 454
695 454 454
696 454 454
697 454 454
698 454 454
699 454 454
700 454 454
701 454 454
702 455 455
703 455 455
704 455 455
705 455 455
706 455 455
707 455 455
708 455 455
709 455 455
710 455 455
711 455 455
712 455 455
713 455 455
714 455 455
715 455 455
716 455 455
717 455 455
718 455 455
719 455 455
720 455 455
721 455 455
722 455 455
723 455 455
724 455 455
725 455 455
726 455 455
727 455 455
728 455 455
729 455 455
730 455 455
731 455 455
732 455 455
733 455 455
734 455 455
735 455 455
736 455 455
737 455 455
738 455 455
739 455 455
740 455 455
741 455 455
742 455 455
743 455 455
744 455 455
745 455 455
746 455 455
747 455 455
748 455 455
749 455 455
750 455 455
751 455 455
752 455 455
753 455 455
754 455 455
755 455 455
756 455 455
757 455 455
758 455 455
759 455 455
760 455 455
761 455 455
762 455 455
763 455 455
764 455 455
765 455 455
766 455 455
767 455 455
768 455 455
769 455 455
770 455 455
771 455 455
772 455 455
773 455 455
774 455 455
775 455 455
776 455 455
777 455 455
778 455 455
779 455 455
780 455 455
781 455 455
782 456 456
783 456 456
784 456 456
785 456 456
786 456 456
787 456 456
788 456 456
789 456 456
790 456 456
791 456 456
792 456 456
793 456 456
794 456 456
795 456 456
796 456 456
797 456 456
798 456 456
799 456 456
800 456 456
801 456 456
802 456 456
803 456 456
804 456 456
805 456 456
806 456 456
807 456 456
808 456 456
809 456 456
810 456 456
811 456 456
812 456 456
813 456 456
814 456 456
815 456 456
816 456 456
817 456 456
818 456 456
819 456 456
820 456 456
821 456 456
822 456 456
823 456 456
824 456 456
825 456 456
826 456 456
827 456 456
828 456 456
829 456 456
830 456 456
831 456 456
832 456 456
833 456 456
834 456 456
835 456 456
836 456 456
837 456 456
838 456 456
839 456 456
840 456 456
841 456 456
842 456 456
843 456 456
844 456 456
845 456 456
846 456 456
847 456 456
848 456 456
849 456 456
850 456 456
851 456 456
852 456 456
853 456 456
854 456 456
855 456 456
856 456 456
857 456 456
858 456 456
859 456 456
860 456 456
861 456 456
862 457 457
863 457 457
864 457 457
865 457 457
866 457 457
867 457 457
868 457 457
869 457 457
870 457 457
871 457 457
872 457 457
873 457 457
874 457 457
875 457 457
876 457 457
877 457 457
878 457 457
879 457 457
880 457 457
881 457 457
882 457 457
883 457 457
884 457 457
885 457 457
886 457 457
887 457 457
888 457 457
889 457 457
890 457 457
891 457 457
892 457 457
893 457 457
894 457 457
895 457 457
896 457 457
897 457 457
898 457 457
899 457 457
900 457 457
901 457 457
902 457 457
903 457 457
904 457 457
905 457 457
906 457 457
907 457 457
908 457 457
909 457 457
910 457 457
911 457 457
912 457 457
913 457 457
914 457 457
915 457 457
916 457 457
917 457 457
918 457 457
919 457 457
920 457 457
921 457 457
922 457 457
923 457 457
924 457 457
925 457 457
926 457 457
927 457 457
928 457 457
929 457 457
930 457 457
931 457 457
932 457 457
933 457 457
934 457 457
935 457 457
936 457 457
937 457 457
938 457 457
939 457 457
940 457 457
941 457 457
942 458 458
943 458 458
944 458 458
945 458 458
946 458 458
947 458 458
948 458 458
949 458 458
950 458 458
951 458 458
952 458 458
953 458 458
954 458 458
955 458 458
956 458 458
957 458 458
958 458 458
959 458 458
960 458 458
961 458 458
962 458 458
963 458 458
964 458 458
965 458 458
966 458 458
967 458 458
968 458 458
969 458 458
970 458 458
971 458 458
972 458 458
973 458 458
974 458 458
975 458 458
976 458 458
977 458 458
978 458 458
979 458 458
980 458 458
981 458 458
982 458 458
983 458 458
984 458 458
985 458 458
986 458 458
987 458 458
988 458 458
989 458 458
990 458 458
991 458 458
992 458 458
993 458 458
994 458 458
995 458 458
996 458 458
997 458 458
998 458 458
999 458 458
1000 458 458
1001 458 458
1002 458 458
1003 458 458
1004 458 458
1005 458 458
1006 458 458
1007 458 458
1008 458 458
1009 458 458
1010 458 458
1011 458 458
1012 458 458
1013 458 458
1014 458 458
1015 458 458
1016 458 458
1017 458 458
1018 458 458
1019 458 458
1020 458 458
1021 458 458
1022 459 459
1023 459 459
1024 459 459
1025 459 459
1026 459 459
1027 459 459
1028 459 459
1029 459 459
1030 459 459
1031 459 459
1032 459 459
1033 459 459
1034 459 459
1035 459 459
1036 459 459
1037 459 459
1038 459 459
1039 459 459
1040 459 459
1041 459 459
1042 459 459
1043 459 459
1044 459 459
1045 459 459
1046 459 459
1047 459 459
1048 459 459
1049 459 459
1050 459 459
1051 459 459
1052 459 459
1053 459 459
1054 459 459
1055 459 459
1056 459 459
1057 459 459
1058 459 459
1059 459 459
1060 459 459
1061 459 459
1062 459 459
1063 459 459
1064 459 459
1065 459 459
1066 459 459
1067 459 459
1068 459 459
1069 459 459
1070 459 459
1071 459 459
1072 459 459
1073 459 459
1074 459 459
1075 459 459
1076 459 459
1077 459 459
1078 459 459
1079 459 459
1080 459 459
1081 459 459
1082 459 459
1083 459 459
1084 459 459
1085 459 459
1086 459 459
1087 459 459
1088 459 459
1089 459 459
1090 459 459
1091 459 459
1092 459 459
1093 459 459
1094 459 459
1095 459 459
1096 459 459
1097 459 459
1098 459 459
1099 459 459
1100 459 459
1101 459 459
1102 460 460
1103 460 460
1104 460 460
1105 460 460
1106 460 460
1107 460 460
1108 460 460
1109 460 460
1110 460 460
1111 460 460
1112 460 460
1113 460 460
1114 460 460
1115 460 460
1116 460 460
1117 460 460
1118 460 460
1119 460 460
1120 460 460
1121 460 460
1122 460 460
1123 460 460
1124 460 460
1125 460 460
1126 460 460
1127 460 460
1128 460 460
1129 460 460
1130 460 460
1131 460 460
1132 460 460
1133 460 460
1134 460 460
1135 460 460
1136 460 460
1137 460 460
1138 460 460
1139 460 460
1140 460 460
1141 460 460
1142 460 460
1143 460 460
1144 460 460
1145 460 460
1146 460 460
1147 460 460
1148 460 460
1149 460 460
1150 460 460
1151 460 460
1152 460 460
1153 460 460
1154 460 460
1155 460 460
1156 460 460
1157 460 460
1158 460 460
1159 460 460
1160 460 460
1161 460 460
1162 460 460
1163 460 460
1164 460 460
1165 460 460
1166 460 460
1167 460 460
1168 460 460
1169 460 460
1170 460 460
1171 460 460
1172 460 460
1173 460 460
1174 460 460
1175 460 460
1176 460 460
1177 460 460
1178 460 460
1179 460 460
1180 460 460
1181 460 460
1182 461 461
1183 461 461
1184 461 461
1185 461 461
1186 461 461
1187 461 461
1188 461 461
1189 461 461
1190 461 461
1191 461 461
1192 461 461
1193 461 461
1194 461 461
1195 461 461
1196 461 461
1197 461 461
1198 461 461
1199 461 461
1200 461 461
1201 461 461
1202 461 461
1203 461 461
1204 461 461
1205 461 461
1206 461 461
1207 461 461
1208 461 461
1209 461 461
1210 461 461
1211 461 461
1212 461 461
1213 461 461
1214 461 461
1215 461 461
1216 461 461
1217 461 461
1218 461 461
1219 461 461
1220 461 461
1221 461 461
1222 461 461
1223 461 461
1224 461 461
1225 461 461
1226 461 461
1227 461 461
1228 461 461
1229 461 461
1230 461 461
1231 461 461
1232 461 461
1233 461 461
1234 461 461
1235 461 461
1236 461 461
1237 461 461
1238 461 461
1239 461 461
1240 461 461
1241 461 461
1242 461 461
1243 461 461
1244 461 461
1245 461 461
1246 461 461
1247 461 461
1248 461 461
1249 461 461
1250 461 461
1251 461 461
1252 461 461
1253 461 461
1254 461 461
1255 461 461
1256 461 461
1257 461 461
1258 461 461
1259 461 461
1260 461 461
1261 461 461
1262 462 462
1263 463 463
1264 464 464
1265 465 465
1266 466 466
1267 467 467
1268 468 468
1269 469 469
1270 470 470
1271 471 471
1272 472 472
1273 473 473
1274 474 474
1275 475 475
1276 476 476
1277 477 477
1278 478 478
1279 479 479
1280 480 480
1281 481 481
1282 482 482
1283 483 483
1284 484 484
1285 485 485
1286 486 486
1287 487 487
1288 488 488
1289 489 489
1290 490 490
1291 491 491
1292 492 492
1293 493 493
1294 494 494
1295 495 495
1296 496 496
1297 497 497
1298 498 498
1299 499 499
1300 500 500
1301 501 501
1302 502 502
1303 503 503
1304 504 504
1305 505 505
1306 506 506
1307 507 507
1308 508 508
1309 509 509
1310 510 510
1311 511 511
1312 512 512
1313 513 513
1314 514 514
1315 515 515
1316 516 516
1317 517 517
1318 518 518
1319 519 519
1320 520 520
1321 521 521
1322 522 522
1323 523 523
1324 524 524
1325 525 525
1326 526 526
1327 527 527
1328 528 528
1329 529 529
1330 530 530
1331 531 531
1332 532 532
1333 533 533
1334 534 534
1335 535 535
1336 536 536
1337 537 537
1338 538 538
1339 539 539
1340 540 540
1341 541 541
1342 542 542
1343 543 543
1344 544 544
1345 545 545
1346 546 546
1347 547 547
1348 548 548
1349 549 549
1350 550 550
1351 551 551
1352 552 552
1353 553 553
1354 554 554
1355 555 555
1356 556 556
1357 557 557
1358 558 558
1359 559 559
1360 560 560
1361 561 561
1362 562 562
1363 563 563
1364 564 564
1365 565 565
1366 566 566
1367 567 567
1368 568 568
1369 569 569
1370 570 570
1371 571 571
1372 572 572
1373 573 573
1374 574 574
1375 575 575
1376 576 576
1377 577 577
1378 578 578
1379 579 579
1380 580 580
1381 581 581
1382 582 582
1383 583 583
1384 584 584
1385 585 585
1386 586 586
1387 587 587
1388 588 588
1389 589 589
1390 590 590
1391 591 591
1392 592 592
1393 593 593
1394 594 594
1395 595 595
1396 596 596
1397 597 597
1398 598 598
1399 599 599
1400 600 600
1401 601 601
1402 602 602
1403 603 603
1404 604 604
1405 605 605
1406 606 606
1407 607 607
1408 608 608
1409 609 609
1410 610 610
1411 611 611
1412 612 612
1413 613 613
1414 614 614
1415 615 615
1416 616 616
1417 617 617
1418 618 618
1419 619 619
1420 620 620
1421 621 621
1422 622 622
1423 623 623
1424 624 624
1425 625 625
1426 626 626
1427 627 627
1428 628 628
1429 629 629
1430 630 630
1431 631 631
1432 632 632
1433 633 633
1434 634 634
1435 635 635
1436 636 636
1437 637 637
1438 638 638
1439 639 639
1440 640 640
1441 641 641
1442 642 642
1443 643 643
1444 644 644
1445 645 645
1446 646 646
1447 647 647
1448 648 648
1449 649 649
1450 650 650
1451 651 651
1452 652 652
1453 653 653
1454 654 654
1455 655 655
1456 656 656
1457 657 657
1458 658 658
1459 659 659
1460 660 660
1461 661 661
1462 662 662
1463 663 663
1464 664 664
1465 665 665
1466 666 666
1467 667 667
1468 668 668
1469 669 669
1470 670 670
1471 671 671
1472 672 672
1473 673 673
1474 674 674
1475 675 675
1476 676 676
1477 677 677
1478 678 678
1479 679 679
1480 680 680
1481 681 681
1482 682 682
1483 683 683
1484 684 684
1485 685 685
1486 686 686
1487 687 687
1488 688 688
1489 689 689
1490 690 690
1491 691 691
1492 692 692
1493 693 693
1494 694 694
1495 695 695
1496 696 696
1497 697 697
1498 698 698
1499 699 699
1500 700 700
1501 701 701
1502 702 702
1503 703 703
1504 704 704
1505 705 705
1506 706 706
1507 707 707
1508 708 708
1509 709 709
1510 710 710
1511 711 711
1512 712 712
1513 713 713
1514 714 714
1515 715 715
1516 716 716
1517 717 717
1518 718 718
1519 719 719
1520 720 720
1521 721 721
1522 722 722
1523 723 723
1524 724 724
1525 725 725
1526 726 726
1527 727 727
1528 728 728
1529 729 729
1530 730 730
1531 731 731
1532 732 732
1533 733 733
1534 734 734
1535 735 735
1536 736 736
1537 737 737
1538 738 738
1539 739 739
1540 740 740
1541 741 741
1542 742 742
1543 743 743
1544 744 744
1545 745 745
1546 746 746
1547 747 747
1548 748 748
1549 749 749
1550 750 750
1551 751 751
1552 752 752
1553 753 753
1554 754 754
1555 755 755
1556 756 756
1557 757 757
1558 758 758
1559 759 759
1560 760 760
1561 761 761
1562 762 762
1563 763 763
1564 764 764
1565 765 765
1566 766 766
1567 767 767
1568 768 768
1569 769 769
1570 770 770
1571 771 771
1572 772 772
1573 773 773
1574 774 774
1575 775 775
1576 776 776
1577 777 777
1578 778 778
1579 779 779
1580 780 780
1581 781 781
1582 782 782
1583 783 783
1584 784 784
1585 785 785
1586 786 786
1587 787 787
1588 788 788
1589 789 789
1590 790 790
1591 791 791
1592 792 792
1593 793 793
1594 794 794
1595 795 795
1596 796 796
1597 797 797
1598 798 798
1599 799 799
1600 800 800
1601 801 801
1602 802 802
1603 803 803
1604 804 804
1605 805 805
1606 806 806
1607 807 807
1608 808 808
1609 809 809
1610 810 810
1611 811 811
1612 812 812
1613 813 813
1614 814 814
1615 815 815
1616 816 816
1617 817 817
1618 818 818
1619 819 819
1620 820 820
1621 821 821
1622 822 822
1623 823 823
1624 824 824
1625 825 825
1626 826 826
1627 827 827
1628 828 828
1629 829 829
1630 830 830
1631 831 831
1632 832 832
1633 833 833
1634 834 834
1635 835 835
1636 836 836
1637 837 837
1638 838 838
1639 839 839
1640 840 840
1641 841 841
1642 842 842
1643 843 843
1644 844 844
1645 845 845
1646 846 846
1647 847 847
1648 848 848
1649 849 849
1650 850 850
1651 851 851
1652 852 852
1653 853 853
1654 854 854
1655 855 855
1656 856 856
1657 857 857
1658 858 858
1659 859 859
1660 860 860
1661 861 861
1662 862 862
1663 863 863
1664 864 864
1665 865 865
1666 866 866
1667 867 867
1668 868 868
1669 869 869
1670 870 870
1671 871 871
1672 872 872
1673 873 873
1674 874 874
1675 875 875
1676 876 876
1677 877 877
1678 878 878
1679 879 879
1680 880 880
1681 881 881
1682 882 882
1683 883 883
1684 884 884
1685 885 885
1686 886 886
1687 887 887
1688 888 888
1689 889 889
1690 890 890
1691 891 891
1692 892 892
1693 893 893
1694 894 894
1695 895 895
1696 896 896
1697 897 897
1698 898 898
1699 899 899
1700 900 900
1701 901 901
1702 902 902
1703 903 903
1704 904 904
1705 905 905
1706 906 906
1707 907 907
1708 908 908
1709 909 909
1710 910 910
1711 911 911
1712 912 912
1713 913 913
1714 914 914
1715 915 915
1716 916 916
1717 917 917
1718 918 918
1719 919 919
1720 920 920
1721 921 921
1722 922 922
1723 923 923
1724 924 924
1725 925 925
1726 926 926
1727 927 927
1728 928 928
1729 929 929
1730 930 930
1731 931 931
1732 932 932
1733 933 933
1734 934 934
1735 935 935
1736 936 936
1737 937 937
1738 938 938
1739 939 939
1740 940 940
1741 941 941
1742 942 942
1743 943 943
1744 944 944
1745 945 945
1746 946 946
1747 947 947
1748 948 948
1749 949 949
1750 950 950
1751 951 951
1752 952 952
1753 953 953
1754 954 954
1755 955 955
1756 956 956
1757 957 957
1758 958 958
1759 959 959
1760 960 960
1761 961 961
1762 962 962
1763 963 963
1764 964 964
1765 965 965
1766 966 966
1767 967 967
1768 968 968
1769 969 969
1770 970 970
1771 971 971
1772 972 972
1773 973 973
1774 974 974
1775 975 975
1776 976 976
1777 977 977
1778 978 978
1779 979 979
1780 980 980
1781 981 981
1782 982 982
1783 983 983
1784 984 984
1785 985 985
1786 986 986
1787 987 987
1788 988 988
1789 989 989
1790 990 990
1791 991 991
1792 992 992
1793 993 993
1794 994 994
1795 995 995
1796 996 996
1797 997 997
1798 998 998
1799 999 999
1800 1000 1000
1801 1001 1001
1802 1002 1002
1803 1003 1003
1804 1004 1004
1805 1005 1005
1806 1006 1006
1807 1007 1007
1808 1008 1008
1809 1009 1009
1810 1010 1010
1811 1011 1011
1812 1012 1012
1813 1013 1013
1814 1014 1014
1815 1015 1015
1816 1016 1016
1817 1017 1017
1818 1018 1018
1819 1019 1019
1820 1020 1020
1821 1021 1021
1822 1022 1022
1823 1023 1023
1824 1024 1024
1825 1025 1025
1826 1026 1026
1827 1027 1027
1828 1028 1028
1829 1029 1029
1830 1030 1030
1831 1031 1031
1832 1032 1032
1833 1033 1033
1834 1034 1034
1835 1035 1035
1836 1036 1036
1837 1037 1037
1838 1038 1038
1839 1039 1039
1840 1040 1040
1841 1041 1041
1842 1042 1042
1843 1043 1043
1844 1044 1044
1845 1045 1045
1846 1046 1046
1847 1047 1047
1848 1048 1048
1849 1049 1049
1850 1050 1050
1851 1051 1051
1852 1052 1052
1853 1053 1053
1854 1054 1054
1855 1055 1055
1856 1056 1056
1857 1057 1057
1858 1058 1058
1859 1059 1059
1860 1060 1060
1861 1061 1061
1862 1062 1062
1863 1063 1063
1864 1064 1064
1865 1065 1065
1866 1066 1066
1867 1067 1067
1868 1068 1068
1869 1069 1069
1870 1070 1070
1871 1071 1071
1872 1072 1072
1873 1073 1073
1874 1074 1074
1875 1075 1075
1876 1076 1076
1877 1077 1077
1878 1078 1078
1879 1079 1079
1880 1080 1080
1881 1081 1081
1882 1082 1082
1883 1083 1083
1884 1084 1084
1885 1085 1085
1886 1086 1086
1887 1087 1087
1888 1088 1088
1889 1089 1089
1890 1090 1090
1891 1091 1091
1892 1092 1092
1893 1093 1093
1894 1094 1094
1895 1095 1095
1896 1096 1096
1897 1097 1097
1898 1098 1098
1899 1099 1099
1900 1100 1100
1901 1101 1101
1902 1102 1102
1903 1103 1103
1904 1104 1104
1905 1105 1105
1906 1106 1106
1907 1107 1107
1908 1108 1108
1909 1109 1109
1910 1110 1110
1911 1111 1111
1912 1112 1112
1913 1113 1113
1914 1114 1114
1915 1115 1115
1916 1116 1116
1917 1117 1117
1918 1118 1118
1919 1119 1119
1920 1120 1120
1921 1121 1121
1922 1122 1122
1923 1123 1123
1924 1124 1124
1925 1125 1125
1926 1126 1126
1927 1127 1127
1928 1128 1128
1929 1129 1129
1930 1130 1130
1931 1131 1131
1932 1132 1132
1933 1133 1133
1934 1134 1134
1935 1135 1135
1936 1136 1136
1937 1137 1137
1938 1138 1138
1939 1139 1139
1940 1140 1140
1941 1141 1141
1942 1142 1142
1943 1143 1143
1944 1144 1144
1945 1145 1145
1946 1146 1146
1947 1147 1147
1948 1148 1148
1949 1149 1149
1950 1150 1150
1951 1151 1151
1952 1152 1152
1953 1153 1153
1954 1154 1154
1955 1155 1155
1956 1156 1156
1957 1157 1157
1958 1158 1158
1959 1159 1159
1960 1160 1160
1961 1161 1161
1962 1162 1162
1963 1163 1163
1964 1164 1164
1965 1165 1165
1966 1166 1166
1967 1167 1167
1968 1168 1168
1969 1169 1169
1970 1170 1170
1971 1171 1171
1972 1172 1172
1973 1173 1173
1974 1174 1174
1975 1175 1175
1976 1176 1176
1977 1177 1177
1978 1178 1178
1979 1179 1179
1980 1180 1180
1981 1181 1181
1982 1182 1182
1983 1183 1183
1984 1184 1184
1985 1185 1185
1986 1186 1186
1987 1187 1187
1988 1188 1188
1989 1189 1189
1990 1190 1190
1991 1191 1191
1992 1192 1192
1993 1193 1193
1994 1194 1194
1995 1195 1195
1996 1196 1196
1997 1197 1197
1998 1198 1198
1999 1199 1199
2000 1200 1200
2001 1201 1201
2002 1202 1202
2003 1203 1203
2004 1204 1204
2005 1205 1205
2006 1206 1206
2007 1207 1207
2008 1208 1208
2009 1209 1209
2010 1210 1210
2011 1211 1211
2012 1212 1212
2013 1213 1213
2014 1214 1214
2015 1215 1215
2016 1216 1216
2017 1217 1217
2018 1218 1218
2019 1219 1219
2020 1220 1220
2021 1221 1221
2022 1222 1222
2023 1223 1223
2024 1224 1224
2025 1225 1225
2026 1226 1226
2027 1227 1227
2028 1228 1228
2029 1229 1229
2030 1230 1230
2031 1231 1231
2032 1232 1232
2033 1233 1233
2034 1234 1234
2035 1235 1235
2036 1236 1236
2037 1237 1237
2038 1238 1238
2039 1239 1239
2040 1240 1240
2041 1241 1241
2042 1242 1242
2043 1243 1243
2044 1244 1244
2045 1245 1245
2046 1246 1246
2047 1247 1247
2048 1248 1248
2049 1249 1249
2050 1250 1250
2051 1251 1251
2052 1252 1252
2053 1253 1253
2054 1254 1254
2055 1255 1255
2056 1256 1256
2057 1257 1257
2058 1258 1258
2059 1259 1259
2060 1260 1260
2061 1261 1261
